DTUSAT                  
1 27842U 03031C   13081.99320993  .00000165  00000-0  95302-4 0  6382
2 27842  98.6917  92.5296 0010502 113.4277 299.3967 14.21412007504614
CUTE-1 (CO-55)          
1 27844U 03031E   13083.07981646  .00000194  00000-0  10930-3 0  6085
2 27844  98.7028  93.3876 0010813 132.0446 260.1840 14.21176853504648
QUAKESAT                
1 27845U 03031F   13083.05429073  .00000261  00000-0  14069-3 0  6559
2 27845  98.7122  93.3686 0009728 150.7637 242.6854 14.20942928504503
AAU CUBESAT             
1 27846U 03031G   13082.98157637  .00000139  00000-0  83392-4 0  5239
2 27846  98.6916  93.4925 0010513 110.8922 312.0527 14.21410903504759
CANX-1                  
1 27847U 03031H   13082.02835096  .00000147  00000-0  87019-4 0  5157
2 27847  98.6920  92.5218 0010508 113.5096 307.4071 14.21378431504566
CUBESAT XI-IV (CO-57)   
1 27848U 03031J   13083.06410234  .00000172  00000-0  99463-4 0  5543
2 27848  98.7113  92.8401 0010636 137.2733 255.7287 14.20907782504573
UWE-1                   
1 28892U 05043C   13083.18415811  .00000574  00000-0  12588-3 0  4780
2 28892  97.8762 301.2346 0016672 353.7269 154.0788 14.60979995394644
CUBESAT XI-V (CO-58)    
1 28895U 05043F   13083.18499541  .00000557  00000-0  12239-3 0  4341
2 28895  97.8810 302.6156 0017207 354.3558 130.2240 14.61005533394534
NCUBE-2                 
1 28897U 05043H   13082.16145145  .00000644  00000-0  13932-3 0   117
2 28897  97.8791 301.5778 0016592 356.9950 149.5207 14.61266072386705
CSTB1                   
1 31122U 07012F   13082.61267281  .00000786  00000-0  17746-3 0  7689
2 31122  97.8654  89.9275 0081956 300.4311 177.9352 14.56887514315272
MAST                    
1 31126U 07012K   13083.04497819  .00000419  00000-0  10331-3 0  7117
2 31126  97.8793  83.8433 0092106 318.7496  72.8322 14.54478402314947
LIBERTAD-1              
1 31128U 07012M   13083.00788970  .00000623  00000-0  15114-3 0  7825
2 31128  97.8955  80.0101 0100068 334.3546  58.2527 14.53274486314611
POLYSAT CP3             
1 31129U 07012N   13082.00633777  .00000846  00000-0  20053-3 0  4203
2 31129  97.8946  79.5366 0099377 336.3948  89.8077 14.53524342314479
CAPE1                   
1 31130U 07012P   13081.99154877  .00000711  00000-0  17068-3 0  7218
2 31130  97.8951  79.1749 0099903 337.2923  22.3870 14.53360871314250
POLYSAT CP4             
1 31132U 07012Q   13082.03452368  .00000484  00000-0  11435-3 0  7255
2 31132  97.8635  88.3955 0082704 303.2098 123.8097 14.56374270315035
NTS (CANX-6)            
1 32784U 08021B   13082.19984688  .00000815  00000-0  10674-3 0  5814
2 32784  97.7597 140.8744 0014898 223.0831 169.7638 14.82912712265030
CUTE-1.7+APD II (CO-65) 
1 32785U 08021C   13082.74145233  .00001158  00000-0  14633-3 0  5855
2 32785  97.7605 142.6843 0013776 222.0846 254.3888 14.83660032265203
COMPASS-1               
1 32787U 08021E   13083.19384627  .00001604  00000-0  19347-3 0  5762
2 32787  97.7613 143.9447 0014386 217.4483 175.8862 14.85113349265352
AAUSAT-II               
1 32788U 08021F   13082.82993041  .00001783  00000-0  21215-3 0  5640
2 32788  97.7624 144.1517 0013821 218.4334 207.5704 14.85538489265337
DELFI-C3 (DO-64)        
1 32789U 08021G   13083.19515321  .00002611  00000-0  29112-3 0  5907
2 32789  97.7772 147.8036 0013803 210.7197 221.0747 14.87842718265489
CANX-2                  
1 32790U 08021H   13083.18651317  .00001125  00000-0  14273-3 0  5781
2 32790  97.7577 142.6570 0014491 221.5557 171.8820 14.83549970265242
SEEDS II (CO-66)        
1 32791U 08021J   13083.17808292  .00001497  00000-0  18436-3 0  5605
2 32791  97.7619 143.3976 0014853 218.6266 175.0608 14.84326815265268
SWISSCUBE               
1 35932U 09051B   13081.85078950  .00000622  00000-0  16040-3 0  9839
2 35932  98.3503 189.6410 0006886 333.6860  26.3986 14.53424946185334
BEESAT                  
1 35933U 09051C   13082.30888295  .00000508  00000-0  13171-3 0  2672
2 35933  98.3484 190.6463 0005202 351.5700  79.3410 14.53846735185464
UWE-2                   
1 35934U 09051D   13082.82043109  .00000488  00000-0  12731-3 0  6264
2 35934  98.3444 190.6019 0005908 350.4087 155.6550 14.53722826185532
ITUPSAT 1               
1 35935U 09051E   13081.84339735  .00000453  00000-0  12031-3 0  1742
2 35935  98.3579 190.3661 0007414 335.9232  24.1616 14.53209447185314
TISAT 1                 
1 36799U 10035E   13083.11257744  .00002133  00000-0  26895-3 0  9171
2 36799  98.0361 167.3111 0014193 349.8309  10.2538 14.82976659145968
DICE-F                  
1 37851U 11061B   13083.14314922  .00002727  00000-0  21724-3 0  4569
2 37851 101.7216 257.4915 0240722 271.7548 201.7810 14.82076922 75820
DICE-Y                  
1 37852U 11061C   13083.16356666  .00003629  00000-0  28235-3 0  4547
2 37852 101.7213 257.8836 0238253 270.9068 196.6401 14.82795702 75842
RAX-2                   
1 37853U 11061D   13083.11233615  .00003025  00000-0  23854-3 0  4554
2 37853 101.7153 257.3825 0238447 271.1545 198.9263 14.82582425 75833
AUBIESAT-1              
1 37854U 11061E   13082.15327631  .00004193  00000-0  32023-3 0  4522
2 37854 101.7190 256.6762 0238679 272.7179 142.3873 14.83187253 75701
M-CUBED & EXP-1 PRIME   
1 37855U 11061F   13083.15205807  .00003620  00000-0  27921-3 0  4507
2 37855 101.7189 257.9588 0239528 270.2134 148.5660 14.82914927 75840
E-ST@R                  
1 38079U 12006C   13082.99016817  .00022238  31673-5  48276-3 0  9870
2 38079  69.4831  25.5516 0655181 248.9107 184.1285 14.37022121 57465
2012-006D               
1 38080U 12006D   13082.96894244  .00023005  31773-5  50978-3 0  9200
2 38080  69.4746  25.2785 0651608 249.4155 103.5887 14.37337705 57466
MASAT 1                 
1 38081U 12006E   13082.93868515  .00026072  31942-5  56875-3 0  9577
2 38081  69.4824  25.6596 0653614 249.2413 103.7505 14.37130886 57451
XATCOBEO                
1 38082U 12006F   13083.08944504  .00033302  32952-5  69052-3 0   172
2 38082  69.4844  21.2983 0627231 246.3660 107.0446 14.43608923 57599
PW-SAT                  
1 38083U 12006G   13083.10307405  .00030012  32447-5  64224-3 0  1260
2 38083  69.4874  23.0999 0638690 247.5604 105.6749 14.40597419 57541
2012-006H               
1 38084U 12006H   13082.98002872  .00023457  31688-5  50771-3 0    55
2 38084  69.4857  26.6277 0659610 249.3990 103.5168 14.36094261 57436
2012-006J               
1 38085U 12006J   13083.14780624  .00025914  31785-5  55274-3 0  9143
2 38085  69.4932  26.7553 0664067 249.3998 103.4746 14.35362605 57440
RAIKO                   
1 38852U 98067CN  13082.66577840  .00044374  00000-0  45196-3 0  1726
2 38852  51.6409 165.7648 0015394  35.5882 324.6137 15.64521660 26429
FITSAT-1 (NIWAKA)       
1 38853U 98067CP  13082.46058567  .00064366  00000-0  57322-3 0  1733
2 38853  51.6427 165.1648 0012377  40.9720 319.2204 15.67760013 26462
TECHEDSAT               
1 38854U 98067CQ  13082.67382203  .00142401  00000-0  81422-3 0  1986
2 38854  51.6365 159.7806 0012436  32.9003 327.2770 15.77807330 26552
F-1                     
1 38855U 98067CR  13082.59085945  .00133988  00000-0  81631-3 0  1961
2 38855  51.6358 160.7210 0012197  33.5329 326.6441 15.76411261 26425
WE-WISH                 
1 38856U 98067CS  13069.98095549  .16701328  12537-4  10063-2 0  2487
2 38856  51.6166 215.0521 0008325 316.0438  44.8765 16.41348316 24586
