ALSAT 1                 
1 27559U 02054A   13082.46809950  .00000376  00000-0  69996-4 0  7520
2 27559  97.7719 285.4351 0021664 280.7564 168.8651 14.70224390551715
NIGERIASAT 1            
1 27941U 03042C   13083.06111205  .00000430  00000-0  64231-4 0  6964
2 27941  97.7973 289.7675 0051295 217.6224 142.1415 14.78905121507713
UK-DMC                  
1 27942U 03042D   13082.49573253  .00000452  00000-0  69583-4 0  8417
2 27942  97.7834 291.2731 0066270  61.3771 329.5302 14.76660204507816
BILSAT 1                
1 27943U 03042E   13083.03919422  .00000191  00000-0  45490-4 0  5307
2 27943  97.8009 272.8633 0012808 103.3510 256.9114 14.63372476506702
BEIJING 1               
1 28890U 05043A   13083.19435800  .00000127  00000-0  35313-4 0  4112
2 28890  97.8660 300.6384 0015310 351.0589   9.0321 14.60452057394713
HJ-1A                   
1 33320U 08041A   13083.09346215  .00000704  00000-0  11235-3 0   233
2 33320  97.8278 149.0139 0026308 326.1624  33.7900 14.74678857244733
HJ-1B                   
1 33321U 08041B   13083.06231976  .00000838  00000-0  13176-3 0   838
2 33321  97.8301 149.3021 0036669 342.6103  17.3833 14.74679297244710
YAOGAN 4                
1 33446U 08061A   13083.12333770  .00000338  00000-0  57841-4 0  7807
2 33446  97.7484 141.1604 0015950 277.6710  82.2701 14.74642819232001
YAOGAN 5                
1 33456U 08064A   13083.24219384  .00014656  00000-0  33246-3 0  7875
2 33456  97.2213 157.5155 0008612 157.3012 283.0724 15.43125037238552
DEIMOS-1                
1 35681U 09041A   13083.23363911  .00000280  00000-0  54841-4 0   470
2 35681  98.0114 343.5294 0000781  89.1976 270.9331 14.69893770195873
UK-DMC 2                
1 35683U 09041C   13083.20418197  .00000139  00000-0  31227-4 0   685
2 35683  98.0111 342.5886 0001456  72.2286 287.9073 14.69936726195796
RISAT 1                 
1 38248U 12017A   13083.13612253  .00001432  00000-0  94772-4 0   358
2 38248  97.5957  90.8370 0001186  58.6452   5.4389 15.08942493 50090
