SAUDISAT 1A             
1 26545U 00057A   13081.99835826  .00000663  00000-0  99682-4 0  4265
2 26545  64.5564 198.1284 0056962 265.9572 213.3796 14.82030304674802
UNISAT                  
1 26547U 00057C   13081.76813806  .00001227  00000-0  15723-3 0  4424
2 26547  64.5532 169.5383 0061523 269.3293 236.0586 14.84823992675375
SAUDISAT 1B             
1 26549U 00057E   13082.84696874  .00000709  00000-0  10793-3 0  5146
2 26549  64.5563 219.9377 0061038 268.7262 234.2268 14.80810262674439
MOZHAYETS               
1 27560U 02054B   13083.17296399  .00000391  00000-0  98309-4 0  3992
2 27560  97.9909 239.2981 0041423 241.9264 117.7732 14.55900917546881
SAUDISAT 1C             
1 27607U 02058C   13081.75987944  .00000619  00000-0  11565-3 0   227
2 27607  64.5566 167.2279 0056091 189.1363 281.0005 14.72821675550988
UNISAT 2                
1 27608U 02058D   13082.49960493  .00000325  00000-0  67374-4 0   336
2 27608  64.5557 111.2172 0036690 188.0097 331.2280 14.75607852552218
SAUDISAT 2              
1 28371U 04025F   13083.10080410  .00000230  00000-0  65254-4 0  7800
2 28371  97.9395  79.7737 0027507  95.9611 264.4730 14.53367282463186
UNISAT 3                
1 28373U 04025H   13081.96208476  .00000263  00000-0  87037-4 0  4859
2 28373  98.1436  48.5664 0069423 232.8328 158.7666 14.44061474460476
SSETI EXPRESS (XO-53)   
1 28894U 05043E   13083.15730641  .00000230  00000-0  56731-4 0  6454
2 28894  97.8719 300.4778 0017051 357.7616 148.8075 14.60275090394601
SAUDISAT 3              
1 31118U 07012B   13083.19368483  .00000206  00000-0  43596-4 0  3860
2 31118  97.8298 134.9689 0015294 170.9426 189.2059 14.68376129318079
