ATS 1                   
1 02608U 66110A   13080.99856562 -.00000367  00000-0  10000-3 0  4178
2 02608   5.6054 304.8930 0006121 185.8950 173.9596  1.00350684 86293
ATS 3                   
1 03029U 67111A   13081.09956396 -.00000110  00000-0  00000+0 0   599
2 03029   7.3946 310.1316 0018655  90.2525  69.8956  1.00271756166148
ORIZURU (DEBUT)         
1 20479U 90013B   13082.19969464  .00000020  00000-0  12597-3 0  5082
2 20479  99.0338 128.1735 0538353 289.1590  95.3680 12.83742474 83468
SURFSAT                 
1 23711U 95059B   13083.10982718  .00000066  00000-0  21935-3 0  3295
2 23711 100.4033  71.4934 0367822 223.5749 278.1561 13.12618211832947
MAQSAT H                
1 25023U 97066A   13082.76121553  .00000341  00000-0  27789-2 0  2103
2 25023   7.5888 163.4440 6512228 230.3787 168.7753  3.09690126173967
MAQSAT B                
1 25024U 97066B   13081.97097690 -.00000074  00000-0  19606-3 0  2722
2 25024   7.6137 161.2573 6520269 234.0335 119.4635  3.08792433173722
TEAMSAT                 
1 25025U 97066C   13081.79527770 -.00000055  00000-0  65009-3 0  2110
2 25025   7.6715 180.2271 6520818 196.7955 252.4910  3.07929635173238
OPAL (OO-38)            
1 26063U 00004C   13082.16849238  .00000082  00000-0  48031-4 0  6410
2 26063 100.1993 141.3910 0036331 350.5185  74.3492 14.36163907689286
FALCONSAT               
1 26064U 00004D   13082.79663597  .00000057  00000-0  39847-4 0  6048
2 26064 100.2030 139.2239 0037709 358.7256 111.6941 14.35684065689173
PICOSAT 1 & 2 [TETHERED]
1 26080U 00004H   13082.79349241  .00000440  00000-0  15380-3 0   835
2 26080 100.1862 177.7338 0031555 266.1421 221.0462 14.41256863689553
PICOSAT 3               
1 26091U 00004J   13082.28349188  .00001025  00000-0  30807-3 0  7479
2 26091 100.1856 196.3363 0031145 207.7799 205.4977 14.45207971689880
PICOSAT 4               
1 26092U 00004K   13082.17238179  .00000489  00000-0  16839-3 0  5554
2 26092 100.1761 169.4906 0034181 262.2040 153.9070 14.41361495688684
PICOSAT 5               
1 26093U 00004L   13082.37412453  .00001091  00000-0  31456-3 0  4782
2 26093 100.1870 207.0145 0032498 179.6349 180.4866 14.47051290690756
PICOSAT 6               
1 26094U 00004M   13082.18832446  .00000399  00000-0  14301-3 0  5219
2 26094 100.1818 166.7302 0034141 278.4382 135.7604 14.40586467688096
SNAP 1                  
1 26386U 00033C   13082.19901387  .00000545  00000-0  10783-3 0  8718
2 26386  98.1968 148.0720 0011676 192.0025 236.0570 14.66240049680553
PICOSAT 9               
1 26930U 01043B   13083.18103494 -.00000006  00000-0  29832-4 0  2766
2 26930  67.0010  86.9634 0002117 273.1012 162.1987 14.30265986599493
PROBA-1                 
1 26958U 01049B   13083.10145102  .00001286  00000-0  12648-3 0  8870
2 26958  97.4537 102.7117 0080500 107.4945 253.5052 14.91368832620745
BIRD 2                  
1 26959U 01049C   13083.21386466  .00002992  00000-0  14595-3 0  6767
2 26959  97.8758 300.0744 0014740  40.7551  97.6698 15.19062704630349
CUTE-1 (CO-55)          
1 27844U 03031E   13083.07981646  .00000194  00000-0  10930-3 0  6085
2 27844  98.7028  93.3876 0010813 132.0446 260.1840 14.21176853504648
CANX-1                  
1 27847U 03031H   13082.02835096  .00000147  00000-0  87019-4 0  5157
2 27847  98.6920  92.5218 0010508 113.5096 307.4071 14.21378431504566
CUBESAT XI-IV (CO-57)   
1 27848U 03031J   13083.06410234  .00000172  00000-0  99463-4 0  5543
2 27848  98.7113  92.8401 0010636 137.2733 255.7287 14.20907782504573
NAXING 1                
1 28221U 04012B   13082.12677197  .00001177  00000-0  12824-3 0  4706
2 28221  97.5072  59.5885 0009885 313.1154 107.6326 14.89738537484843
ST5-A                   
1 28980U 06008A   13082.78198163  .00010991  00000-0  58173-3 0  2246
2 28980 105.6144 125.2782 2243794  11.8278  26.9261 10.85405815272223
ST5-B                   
1 28981U 06008B   13081.78876972  .00014272  25384-5  42711-3 0  2094
2 28981 105.4767 196.3139 2092054 265.4965 277.3443 11.25650929276196
ST5-C                   
1 28982U 06008C   13081.18038771  .00013168  22993-5  46520-3 0  2678
2 28982 105.4979 173.4983 2144361 302.6380  89.5760 11.12487455274763
GENESIS 1               
1 29252U 06029A   13082.78544799  .00001678  00000-0  12206-3 0  8540
2 29252  64.5092 266.2450 0019976 207.2994 239.7278 15.07403835367884
FALCONSAT-3             
1 30776U 07006E   13083.13685074  .00002894  00000-0  17767-3 0  5760
2 30776  35.4323   3.9114 0002824 280.9326 189.4612 15.09857731332554
GENESIS 2               
1 31789U 07028A   13083.08493536  .00001563  00000-0  11320-3 0  5944
2 31789  64.5082 298.7241 0053339 253.3209 250.1241 15.07002718315099
APRIZESAT 4             
1 35684U 09041D   13082.91742697  .00000484  00000-0  74894-4 0  1454
2 35684  98.0599 359.4898 0049886  39.1889  53.6243 14.77016029196700
APRIZESAT 3             
1 35686U 09041F   13082.83360073  .00000850  00000-0  10396-3 0  1656
2 35686  98.1074  15.7718 0077385   0.7079  73.3253 14.83974793197578
PROBA-2                 
1 36037U 09059B   13083.12724346  .00000078  00000-0  30259-4 0   782
2 36037  98.2981 276.2684 0014140  56.7529  91.7474 14.52347084179666
PRISMA (MANGO)          
1 36599U 10028B   13083.15854964  .00000117  00000-0  48725-4 0  5861
2 36599  98.3232 256.5136 0043104  20.4583 109.1702 14.41358209145831
PRISMA (TANGO)          
1 36827U 10028F   13083.15876291  .00000106  00000-0  45393-4 0  1594
2 36827  98.3233 256.5141 0043094  20.2512 110.4551 14.41358157137582
APRIZESAT 5             
1 37792U 11044E   13083.15373328  .00000520  00000-0  87363-4 0  7395
2 37792  98.2204 176.1218 0060335 296.1546  63.3457 14.72970009 86079
APRIZESAT 6             
1 37793U 11044F   13083.00745061  .00000545  00000-0  97647-4 0  7604
2 37793  98.2157 173.2022 0048220 301.5917  58.0585 14.70257171 85898
ALMASAT-1               
1 38078U 12006B   13083.17956247  .00015804  00000-0  39755-3 0  1128
2 38078  69.4853  37.6082 0716108 255.3903  96.6801 14.20428930 57150
TET-1                   
1 38710U 12039D   13082.58343898  .00004615  00000-0  20644-3 0  6459
2 38710  97.4875 355.0938 0001806   9.0104 351.1163 15.21794339 37120
STSAT-2C                
1 39068U 13003A   13083.21969183  .00019520 -59049-6  43403-3 0   626
2 39068  80.2737 133.2276 0824769  21.3706 341.9838 13.99336063  7404
