GIOVE-A                 
1 28922U 05051A   13081.42450748  .00000041  00000-0  00000+0 0   772
2 28922  56.3240 121.1107 0005975 348.7451 165.8801  1.69429429 44852
GIOVE-B                 
1 32781U 08020A   13082.09505852  .00000010  00000-0  10000-3 0  7082
2 32781  56.8657 156.2116 0002230 195.8537 164.1997  1.65405300 30517
GALILEO-PFM (GSAT0101)  
1 37846U 11060A   13081.98796615  .00000045  00000-0  00000+0 0  2014
2 37846  54.8594 115.2382 0004960 287.0413 185.8496  1.70474256  8837
GALILEO-FM2 (GSAT0102)  
1 37847U 11060B   13083.13660507  .00000053  00000-0  00000+0 0  2035
2 37847  54.8608 115.2044 0006169 277.2683 221.0499  1.70474533  8858
GALILEO-FM3 (GSAT0103)  
1 38857U 12055A   13080.67348657  .00000015  00000-0  00000+0 0   684
2 38857  55.2645 235.0898 0001444 199.1645 160.7879  1.70473235  2735
GALILEO-FM4 (GSAT0104)  
1 38858U 12055B   13082.36809521  .00000013  00000-0  00000+0 0   638
2 38858  55.2642 235.0405 0000785 169.4437 190.5101  1.70473230  2759
