LES 9                   
1 08747U 76023B   13083.09981228 -.00000084  00000-0  00000+0 0  9013
2 08747  12.8113 113.0204 0022551  16.4796 343.7322  1.00276826 81211
GOES 3                  
1 10953U 78062A   13078.77095246 -.00000104  00000-0  10000-3 0  1431
2 10953  14.5289 347.7228 0006096  79.5182 280.5492  1.00279339 80423
ESIAFI 1 (COMSTAR 4)    
1 12309U 81018A   13081.27026498 -.00000160  00000-0  10000-3 0  6599
2 12309  14.6935 357.6172 0003756  20.1748 339.8388  1.00268244118974
SATCOM C5               
1 13631U 82105A   13079.84668948 -.00000108  00000-0  10000-3 0  1180
2 13631  14.4051  17.6503 0005728 349.2513  10.7358  1.00272706 77881
GSTAR 1                 
1 15677U 85035A   13080.89086116 -.00000103  00000-0  00000+0 0  6337
2 15677  13.2905  34.8472 0008440 329.6562  30.3074  1.00272399 76750
GSTAR 3                 
1 19483U 88081A   13082.35692905 -.00000111  00000-0  00000+0 0  8906
2 19483  15.6558   7.0882 0010497  49.3217 147.8162  1.00272081 86148
TDRS 3                  
1 19548U 88091B   13081.96178027 -.00000295  00000-0  00000+0 0   421
2 19548  14.0568  25.1247 0013704 345.4057 107.1241  1.00260769 76928
LEASAT 5                
1 20410U 90002B   13082.75054647 -.00000074  00000-0  00000+0 0  8743
2 20410  10.4416  25.2412 0001476  21.5742 116.7683  1.00271878 70238
COSMOS 2085             
1 20693U 90061A   13082.33452380 -.00000153  00000-0  10000-3 0  4021
2 20693  14.2012  21.5176 0004361  25.7571 334.2743  1.00272094 83030
SKYNET 4C               
1 20776U 90079A   13082.18532458 -.00000030  00000-0  10000-3 0  6026
2 20776  12.3640  32.6747 0003248 322.3955 251.1720  1.00271404 82473
INMARSAT 2-F1           
1 20918U 90093A   13081.88522781 -.00000357  00000-0  10000-3 0  3911
2 20918   9.3867  42.0047 0003237 308.1808 258.0332  1.00276889 78453
COSMOS 2133             
1 21111U 91010A   13081.66798980 -.00000080  00000-0  00000+0 0  5986
2 21111  13.5740  27.2661 0008740  34.0634  71.8067  1.00282924 80950
INMARSAT 2-F2           
1 21149U 91018A   13081.63763362  .00000099  00000-0  00000+0 0  4504
2 21149   8.7250  43.2155 0004041 336.9225 247.6855  1.00271570 80749
TDRS 5                  
1 21639U 91054B   13082.95117532  .00000097  00000-0  00000+0 0  2502
2 21639  12.6158  39.0634 0019494 346.7239 330.6475  1.00266346 79251
GORIZONT 27             
1 22245U 92082A   13081.72087167 -.00000078  00000-0  00000+0 0  8801
2 22245  13.6831  29.6390 0010510 276.6734 209.1170  1.00137119 78716
COSMOS 2224             
1 22269U 92088A   13082.43485754  .00000082  00000-0  10000-3 0  9727
2 22269  12.9201  32.4451 0002953  94.5463 265.5020  1.00159887 73703
TDRS 6                  
1 22314U 93003B   13081.97279906 -.00000285  00000-0  00000+0 0  2784
2 22314  12.0343  41.8947 0012578 334.7396 108.2365  1.00278806 73971
ASTRA 1C                
1 22653U 93031A   13082.09117634  .00000001  00000-0  00000+0 0   507
2 22653   5.7476  60.9835 0004656 311.5129 203.0413  1.00270974 67841
ACTS                    
1 22796U 93058B   13081.90496625 -.00000101  00000-0  10000-3 0  1411
2 22796  12.2295  41.1647 0017552 351.1575   8.8377  1.00271362 78436
INTELSAT 701 (IS-701)   
1 22871U 93066A   13082.43188365  .00000054  00000-0  00000+0 0  1121
2 22871   1.1080  76.7726 0006790 302.7489 134.6068  1.00460981 70994
SOLIDARIDAD 1           
1 22911U 93073A   13079.93643903 -.00000078  00000-0  10000-3 0  6621
2 22911  10.8338  46.5613 0004738  80.9504 279.1413  1.00274175 69428
NATO 4B                 
1 22921U 93076A   13082.01376759  .00000138  00000-0  00000+0 0  8780
2 22921  10.4811  38.7786 0002989 333.2893 209.1062  1.00276709 70673
INTELSAT 702 (IS-702)   
1 23124U 94034A   13082.82833611  .00000145  00000-0  00000+0 0  9122
2 23124   1.4579  75.6608 0003316 315.7147 121.2842  1.00271165 82916
APSTAR 1                
1 23185U 94043A   13082.43209606 -.00000093  00000-0  10000-3 0  2959
2 23185   7.4961  55.6804 0001479 350.4560  93.4602  1.00272092 68371
DIRECTV 2 (DBS 2)       
1 23192U 94047A   13081.41328271  .00000021  00000-0  00000+0 0   883
2 23192   5.6080  61.7547 0008185 253.7786 246.4539  0.98633466 77987
OPTUS B3                
1 23227U 94055A   13081.77383736 -.00000085  00000-0  00000+0 0  1654
2 23227   4.6289  63.7628 0005403 302.9382 256.3040  1.00271507 67981
NSS-703                 
1 23305U 94064A   13082.32813308 -.00000288  00000-0  00000+0 0  8074
2 23305   3.1002  68.7136 0003583 299.6034 243.7144  1.00273295 67719
SOLIDARIDAD 2           
1 23313U 94065A   13082.39458313 -.00000037  00000-0  10000-3 0  3186
2 23313   4.4241  64.4792 0004405 302.3475 201.5547  1.00277110 67587
ASTRA 1D                
1 23331U 94070A   13083.13244919  .00000126  00000-0  00000+0 0  5613
2 23331   4.8298  62.8191 0003185 311.3562 238.3619  1.00272363 67830
RADUGA 32               
1 23448U 94087A   13080.40449099 -.00000075  00000-0  10000-3 0  6073
2 23448  12.8845  36.4508 0005472 118.0498 242.0222  1.00281752 84457
BRASILSAT B2            
1 23536U 95016A   13081.37245064 -.00000281  00000-0  00000+0 0  8118
2 23536   4.4599  64.6755 0002362 310.4909 230.9718  1.00271516 65929
AMSC 1                  
1 23553U 95019A   13082.46160843 -.00000110  00000-0  00000+0 0  6458
2 23553   7.6082  55.6617 0003956 328.5686 219.7514  1.00271494 65743
INTELSAT 706 (IS-706)   
1 23571U 95023A   13081.78231203 -.00000149  00000-0  00000+0 0  7358
2 23571   1.3885  75.4470 0003566 306.0872 237.5336  1.00271017 65355
TDRS 7                  
1 23613U 95035B   13082.73570888 -.00000192  00000-0  00000+0 0  4220
2 23613  13.5603  32.5222 0033679 353.1298 145.2072  1.00277947 64772
TELSTAR 4 (TELSTAR 402R)
1 23670U 95049A   13081.93482077 -.00000112  00000-0  10000-3 0  4228
2 23670   8.4054  53.2612 0003294 320.5355  39.5279  1.00302552 64071
LUCH 1                  
1 23680U 95054A   13082.41008424 -.00000118  00000-0  10000-3 0  2391
2 23680  11.8975  45.7140 0010064   6.5718 353.4774  1.00276061 63938
ASTRA 1E                
1 23686U 95055A   13082.88640569 -.00000355  00000-0  00000+0 0  7057
2 23686   2.4311  72.2745 0003086 275.7823 260.8733  1.00271733 63895
ECHOSTAR 1              
1 23754U 95073A   13081.43486547 -.00000253  00000-0  10000-3 0  8533
2 23754   0.0014 171.5692 0002531 175.8843 272.0257  1.00271074 62966
AFRICASAT-1 (MEASAT-1)  
1 23765U 96002B   13081.76017874  .00000122  00000-0  00000+0 0  5645
2 23765   4.7815  63.3064 0001069 328.8189 107.8450  1.00269466 62947
ABS-1A                  
1 23768U 96003A   13082.63015595 -.00000094  00000-0  10000-3 0  8089
2 23768   5.5203  61.3006 0000748 356.9464  64.6425  1.00272440 62943
INMARSAT 3-F1           
1 23839U 96020A   13081.87676578  .00000000  00000-0  10000-3 0  7496
2 23839   0.8957  73.9633 0005329 281.0367 205.6353  1.00272643 62156
ASTRA 1F                
1 23842U 96021A   13082.91858648  .00000075  00000-0  00000+0 0  8518
2 23842   0.0740  46.3253 0002375 281.3565 239.4558  1.00273255 62078
MSAT M1                 
1 23846U 96022A   13081.83972020 -.00000090  00000-0  00000+0 0  4383
2 23846   5.0310  62.5507 0006124 310.8174   2.9283  1.00272045 61974
PALAPA C2               
1 23864U 96030A   13082.63285140 -.00000206  00000-0  10000-3 0  6815
2 23864   2.5876  70.5134 0001733 294.1483 194.9263  1.00273846 61718
INTELSAT 709 (IS-709)   
1 23915U 96035A   13080.91592327  .00000030  00000-0  10000-3 0  7358
2 23915   0.8115  77.2967 0004711 148.2593 134.3936  0.99180621 61439
APSTAR 1A               
1 23943U 96039A   13082.17947678  .00000093  00000-0  10000-3 0   808
2 23943   6.8211  57.4085 0001147 284.6185 315.2515  1.00275444 61250
INMARSAT 3-F2           
1 24307U 96053A   13082.32874266 -.00000134  00000-0  00000+0 0  6334
2 24307   0.0906  48.6804 0006347 324.2850 270.8385  1.00272002 60572
ECHOSTAR 2              
1 24313U 96055A   13080.90891087 -.00000229  00000-0  10000-3 0  5570
2 24313   4.0647  65.4122 0005372 343.0552  17.1856  1.00207679 60595
AMC-1 (GE-1)            
1 24315U 96054A   13082.59955939 -.00000113  00000-0  10000-3 0   448
2 24315   0.0232 284.5229 0003283  63.8593 305.6810  1.00271856 60566
AFRICASAT-2 (MEASAT-2)  
1 24653U 96063B   13081.77796802 -.00000228  00000-0  00000+0 0  8343
2 24653   4.7380  63.3646 0002614 353.4598 191.6998  1.00271404 59952
EUTELSAT 48A            
1 24665U 96067A   13081.10148545  .00000111  00000-0  10000-3 0  6772
2 24665   3.4726  67.5102 0005530 305.6758 251.3520  1.00274187 60199
INMARSAT 3-F3           
1 24674U 96070A   13081.77737249  .00000028  00000-0  00000+0 0  6844
2 24674   0.2837  78.8087 0006292 297.6641 261.8979  1.00272502 59529
AMC-2 (GE-2)            
1 24713U 97002A   13083.20825566  .00000109  00000-0  10000-3 0  5949
2 24713   1.2753  75.4304 0004555 286.8082 273.5444  1.00273803  9959
INTELSAT 26 (IS-26)     
1 24732U 97007A   13082.81752104  .00000104  00000-0  00000+0 0  3700
2 24732   4.6993  63.5139 0003848 323.5667 138.9459  1.00270520 58866
INTELSAT 801 (IS-801)   
1 24742U 97009A   13082.38053307 -.00000223  00000-0  00000+0 0  2863
2 24742   3.9274  66.1265 0004805 314.5960 267.8057  1.00272069 58866
DFH 3-2                 
1 24798U 97021A   13082.47823635  .00000048  00000-0  10000-3 0  1652
2 24798   8.1442  54.1117 0012580 356.6870   3.3975  1.00173053 58124
GALAXY 25 (G-25)        
1 24812U 97026A   13082.46661714 -.00000174  00000-0  00000+0 0  5976
2 24812   0.0131  94.5913 0003894 288.9582 232.4398  1.00270693 57990
INMARSAT 3-F4           
1 24819U 97027A   13082.34223440 -.00000295  00000-0  00000+0 0  5166
2 24819   2.8374  68.5018 0005229 307.3591 234.3751  1.00272275 57951
SUPERBIRD-A3            
1 24880U 97036A   13082.84295517 -.00000263  00000-0  00000+0 0  4572
2 24880   3.8153  66.3230 0006987  10.2919 141.3718  1.00271250 57270
ABS-3 (AGILA 2)         
1 24901U 97042A   13082.18038022 -.00000037  00000-0  10000-3 0  8338
2 24901   1.8517  74.4834 0005602 277.4809 250.7424  1.00273752 57092
INTELSAT 5 (IS-5)       
1 24916U 97046A   13082.87307081 -.00000258  00000-0  10000-3 0  5060
2 24916   0.4056  79.5633 0003964 290.1871 222.4445  1.00099163 57163
METEOSAT-7              
1 24932U 97049B   13081.98500162  .00000056  00000-0  00000+0 0  5618
2 24932   8.2611  53.1483 0001037  24.1111 155.4372  1.00272399 56972
AMC-3 (GE-3)            
1 24936U 97050A   13082.40898429 -.00000284  00000-0  10000-3 0  5550
2 24936   0.0374 284.5701 0002283  38.3516 298.3517  1.00271880 56977
NSS-5                   
1 24957U 97053A   13081.99203510  .00000101  00000-0  00000+0 0  5417
2 24957   0.7150  78.3328 0003708 296.3415 213.5904  1.00269122 56762
ECHOSTAR 3              
1 25004U 97059A   13081.36600925 -.00000294  00000-0  10000-3 0  4383
2 25004   0.0198 307.5452 0001326  32.2800 270.1321  1.00270126 56662
INDOSTAR 1              
1 25050U 97071B   13082.99091660 -.00000101  00000-0  00000+0 0  9240
2 25050   6.6777  57.8159 0003464 343.0106 215.2068  1.00181968 56296
JCSAT-1B                
1 25067U 97075A   13082.63291705 -.00000211  00000-0  10000-3 0  7699
2 25067   2.6008  70.2835 0004545 289.8918 198.9474  1.00272351 56099
ASTRA 1G                
1 25071U 97076A   13082.01668595  .00000143  00000-0  00000+0 0  3001
2 25071   0.0273 309.2412 0003045  49.8060 219.1077  1.00269511 56091
HGS-1 (ASIASAT 3)       
1 25126U 97086A   13079.95433219 -.00000206  00000-0  10000-3 0  7443
2 25126   4.7891  77.8681 0046668 276.0978  83.5898  1.00173074 56659
BRASILSAT B3            
1 25152U 98006A   13081.50143894 -.00000181  00000-0  10000-3 0  8214
2 25152   0.9590  79.3846 0002787 282.0354 267.2586  1.00273300 55489
INMARSAT 3-F5           
1 25153U 98006B   13083.13244919  .00000130  00000-0  00000+0 0  5356
2 25153   0.3349  21.3695 0004197 349.1603 243.6602  1.00268094 55463
EUTELSAT 16B            
1 25237U 98013A   13082.98292179  .00000093  00000-0  10000-3 0  5803
2 25237   1.2493  76.5186 0005240 285.5810 189.1529  1.00271919 55503
NSS-806                 
1 25239U 98014A   13082.00735624 -.00000273  00000-0  10000-3 0   622
2 25239   0.0386 330.7625 0003022  32.1101 139.9165  1.00271378 55251
COSMOS 2350             
1 25315U 98025A   13080.43338645 -.00000061  00000-0  10000-3 0  8168
2 25315  10.2887  46.1605 0008737  19.6862 340.3925  1.00261752 54563
CHINASAT 5A (ZX 5A)     
1 25354U 98033A   13082.81054759 -.00000218  00000-0  10000-3 0  6796
2 25354   0.0021 168.8710 0004899 209.1019 182.7758  1.00272806 58824
THOR III                
1 25358U 98035A   13083.20381481 -.00000046  00000-0  10000-3 0  1818
2 25358   2.5230  70.4953 0002429 276.5948 263.8131  1.00272397 54254
INTELSAT 805 (IS-805)   
1 25371U 98037A   13082.46534904 -.00000297  00000-0  10000-3 0   932
2 25371   0.0165 116.8371 0003699 242.9270 293.3787  1.00272362 54092
CHINASAT 5B (ZX 5B)     
1 25404U 98044A   13082.85438640 -.00000275  00000-0  10000-3 0  1689
2 25404   1.3105  74.9812 0004532 305.7543 250.4448  1.00273468 53959
ST-1                    
1 25460U 98049A   13082.83061024 -.00000371  00000-0  10000-3 0  4390
2 25460   1.3686  75.3769 0001361 284.7035 238.4943  1.00402825 53418
ASTRA 2A                
1 25462U 98050A   13083.08773825  .00000139  00000-0  00000+0 0  5714
2 25462   0.0447 127.4982 0001927 305.9031 168.0865  1.00274089 53406
INTELSAT 7 (IS-7)       
1 25473U 98052A   13082.89490230 -.00000037  00000-0  10000-3 0  5816
2 25473   0.0093 260.3082 0003223  99.8411 212.1947  1.00273579 53185
SIRIUS 3                
1 25492U 98056B   13082.12744091  .00000098  00000-0  00000+0 0  2564
2 25492   3.6212  66.8945 0001332 320.6747 250.2808  1.00273171 53065
EUTELSAT 25A            
1 25495U 98057A   13082.25947022  .00000006  00000-0  10000-3 0  4938
2 25495   0.2432  73.8523 0000432 262.4418 304.7763  1.00103879 52974
AFRISTAR                
1 25515U 98063A   13083.12802804  .00000117  00000-0  00000+0 0  2096
2 25515   0.6772  76.8400 0004393 303.1184 228.8673  1.00272980 52761
AMC-5 (GE-5)            
1 25516U 98063B   13082.46369294 -.00000236  00000-0  00000+0 0  1939
2 25516   2.3804  71.6278 0004441 302.6216 252.8552  1.00273378 52795
INTELSAT 8 (IS-8)       
1 25522U 98065A   13082.67190933 -.00000042  00000-0  00000+0 0  3592
2 25522   0.0052 175.8210 0003325 203.7336 212.6366  1.00272365 52757
BONUM-1                 
1 25546U 98068A   13083.13187956  .00000068  00000-0  10000-3 0  3451
2 25546   1.2579  76.7594 0002414 245.6153 322.8491  1.00273599 52588
SATMEX 5                
1 25558U 98070A   13081.40501274 -.00000026  00000-0  10000-3 0  1293
2 25558   0.0269 113.0065 0002200 233.0702 222.9880  1.00273881 52560
GALAXY 26 (G-26)        
1 25626U 99005A   13082.11092024  .00000103  00000-0  00000+0 0  1587
2 25626   0.0333 268.4758 0003283 106.9350 255.2695  1.00271042 51661
JCSAT-4A                
1 25630U 99006A   13082.82743316 -.00000259  00000-0  00000+0 0  1895
2 25630   0.0313 253.7999 0003212   7.0738 316.7099  1.00031120 51539
SKYNET 4E               
1 25639U 99009B   13083.01746711  .00000141  00000-0  00000+0 0  3296
2 25639   8.1509  41.7598 0003361 343.8400 194.7684  1.00275520 51578
ASIASAT 3S              
1 25657U 99013A   13082.59353228 -.00000345  00000-0  10000-3 0  4428
2 25657   0.0034 160.7262 0002430 200.6921 138.9949  1.00271865 51354
EUTELSAT 21A            
1 25673U 99018A   13082.91388179  .00000114  00000-0  10000-3 0  5716
2 25673   0.3089  81.0426 0004377 276.2461 201.2472  1.00274658 51125
NIMIQ 1                 
1 25740U 99027A   13081.89127368 -.00000082  00000-0  10000-3 0  2899
2 25740   0.3048  77.6497 0007190 272.0321 111.9437  1.01662520 50733
ASTRA 1H                
1 25785U 99033A   13083.20825566  .00000112  00000-0  00000+0 0  2255
2 25785   0.7010  78.7796 0003513 349.8085 207.8172  1.00273775 50464
TELKOM 1                
1 25880U 99042A   13082.88640593 -.00000355  00000-0  10000-3 0  4885
2 25880   0.0141 198.7699 0001868 191.8021 218.0912  1.00272400 49928
ABS-7                   
1 25894U 99046A   13082.81986547 -.00000373  00000-0  10000-3 0  3079
2 25894   0.0324 230.9382 0001009 177.2543 184.3294  1.00272780 48690
GALAXY 27 (G-27)        
1 25922U 99052A   13081.09637922  .00000124  00000-0  10000-3 0  1999
2 25922   0.0578  70.4412 0002563 304.3792 244.7215  1.00274258 49405
ABS-1                   
1 25924U 99053A   13082.60667449 -.00000098  00000-0  10000-3 0  3327
2 25924   0.0049 212.3620 0001900 205.4992  56.7570  1.00273186 49443
DIRECTV 1R              
1 25937U 99056A   13083.13187956  .00000069  00000-0  10000-3 0  4635
2 25937   0.6610  76.4882 0003151 283.3176 285.2291  1.00272879 49307
TELSTAR 12 (ORION 2)    
1 25949U 99059A   13081.83654340 -.00000131  00000-0  00000+0 0  3042
2 25949   0.0023  96.3819 0002999 265.5834 104.6747  1.00272618 49160
AMC-4 (GE-4)            
1 25954U 99060A   13082.40898413 -.00000284  00000-0  10000-3 0  5119
2 25954   0.0428  62.2354 0002120 334.8181 224.2288  1.00272185 49014
GALAXY 11 (G-11)        
1 26038U 99071A   13081.37274031 -.00000298  00000-0  10000-3 0  5614
2 26038   0.0211 326.1597 0000615   5.2429 287.1370  1.00270925 48626
HISPASAT 1C             
1 26071U 00007A   13081.30000000 -.00000229  00000-0  00000+0 0  9431
2 26071   0.0330  36.9510 0005781 341.4340 239.5520  1.00271803 48165
GARUDA 1                
1 26089U 00011A   13082.83124361 -.00000369  00000-0  00000+0 0  1393
2 26089   1.3555 234.0026 0003618 188.9250 180.8073  1.00271508 48063
SUPERBIRD-B2            
1 26095U 00012A   13081.78057096 -.00000104  00000-0  00000+0 0  4451
2 26095   0.0095 145.6124 0002435 238.0370 239.7977  1.00271780 48000
EXPRESS-A2              
1 26098U 00013A   13082.89199356 -.00000325  00000-0  10000-3 0  9213
2 26098   6.3661  58.8858 0020275  79.7371 106.4979  1.00264831 47722
ASIASTAR                
1 26107U 00016A   13081.77909402 -.00000343  00000-0  10000-3 0  3724
2 26107   0.0279 350.5511 0004218  16.4329 198.8725  1.00269002 47670
EUTELSAT 16C            
1 26243U 00019A   13083.02376947  .00000085  00000-0  00000+0 0  2108
2 26243   1.1820  75.4805 0003361 284.3232 204.8910  1.00270404 47369
EUTELSAT 36A            
1 26369U 00028A   13083.08792120  .00000144  00000-0  10000-3 0  2570
2 26369   0.0660 350.1710 0004323   1.5900 257.6928  1.00274674 47016
TDRS 8                  
1 26388U 00034A   13082.78814512 -.00000226  00000-0  00000+0 0  8555
2 26388   4.5620  72.7820 0001350 301.4436 179.9163  1.00265752 46725
COSMOS 2371             
1 26394U 00036A   13081.41665549 -.00000143  00000-0  10000-3 0  2105
2 26394   9.6355  49.7315 0004715   7.1209 352.9452  1.00269509 46562
ECHOSTAR 6              
1 26402U 00038A   13082.38320197 -.00000253  00000-0  10000-3 0  4363
2 26402   1.0922  76.8793 0002901 284.3636 240.9205  1.00271427 46482
INTELSAT 9 (IS-9)       
1 26451U 00043A   13081.24438330 -.00000281  00000-0  10000-3 0  9935
2 26451   0.3873  80.4578 0002218 309.7694 194.5240  1.00270194 46362
BRASILSAT B4            
1 26469U 00046A   13082.46385775 -.00000222  00000-0  00000+0 0  2478
2 26469   0.0372 157.8342 0002099 226.8058 239.4653  1.00270578 46161
NILESAT 102             
1 26470U 00046B   13083.14662405 -.00000068  00000-0  10000-3 0  8899
2 26470   0.0403 278.6417 0006097  71.8099 237.1195  1.00272352 46177
RADUGA-1 5              
1 26477U 00049A   13082.46522702  .00000034  00000-0  10000-3 0  5640
2 26477   9.5120  50.2567 0003671 356.3072   3.7642  1.00211585 46020
ASTRA 2B                
1 26494U 00054A   13074.27169584  .00000101  00000-0  00000+0 0  2164
2 26494   0.0607  22.6018 0003816 344.8495 282.7317  1.00271479 45789
AMC-7 (GE-7)            
1 26495U 00054B   13082.43022603  .00000085  00000-0  00000+0 0  1094
2 26495   0.0272  13.0446 0003442  12.0169 173.8721  1.00272725 45889
NSS-11 (AAP-1)          
1 26554U 00059A   13082.88640600 -.00000356  00000-0  10000-3 0  3490
2 26554   0.0253 291.6286 0002052  61.5753 255.6225  1.00272134 45730
N-SAT-110 (JCSAT-110)   
1 26559U 00060A   13082.62625102 -.00000362  00000-0  10000-3 0  2877
2 26559   0.0040 325.8889 0000290 316.1436 234.7618  1.00271865 45663
AMC-6 (GE-6)            
1 26580U 00067A   13081.37477409 -.00000272  00000-0  10000-3 0  2177
2 26580   0.0320 324.9777 0002810  32.8089 245.1692  1.00272672 45508
INTELSAT 12 (IS-12)     
1 26590U 00068A   13081.82648234  .00000125  00000-0  10000-3 0  9932
2 26590   0.0095  14.3911 0003123 352.0323 156.5836  1.00274468 45436
INTELSAT 1R (IS-1R)     
1 26608U 00072A   13082.32058812 -.00000293  00000-0  00000+0 0  6311
2 26608   0.0396  33.3751 0000503 315.8605 257.1906  1.00283142 45280
ANIK F1                 
1 26624U 00076A   13082.19968624 -.00000086  00000-0  10000-3 0  9722
2 26624   0.0284 129.3457 0003210 225.3444 150.7289  1.00272746 45265
ASTRA 2D                
1 26638U 00081A   13081.83202836  .00000138  00000-0  00000+0 0  1992
2 26638   0.8634  79.5676 0000859 244.6363 183.8202  1.00276763 44978
AMC-8 (GE-8)            
1 26639U 00081B   13082.65064140  .00000093  00000-0  00000+0 0  1112
2 26639   0.0097  49.7500 0002757 334.3532 252.4049  1.00271802 44941
TURKSAT 2A              
1 26666U 01002A   13081.59157361  .00000134  00000-0  10000-3 0  2028
2 26666   0.0366 292.0744 0004605  55.3962  87.7138  1.00272453 44686
SICRAL 1                
1 26694U 01005A   13083.19694759  .00000096  00000-0  10000-3 0  2057
2 26694   4.5410  63.7552 0003305 311.3573 253.9060  1.00273482 44443
SKYNET 4F               
1 26695U 01005B   13082.26590559 -.00000246  00000-0  10000-3 0  8489
2 26695   6.6080  49.0553 0002949 315.3498 238.2580  1.00274944 44415
EUTELSAT 28A            
1 26719U 01011A   13083.06941932  .00000140  00000-0  00000+0 0  3827
2 26719   0.0674 359.1394 0002718   7.8179 228.2200  1.00275135 44129
XM-2 (ROCK)             
1 26724U 01012A   13082.43699101 -.00000034  00000-0  10000-3 0  4731
2 26724   0.1033 298.8187 0003921  14.5986 269.7032  1.00272867 44089
XM-1 (ROLL)             
1 26761U 01018A   13082.43699164 -.00000034  00000-0  10000-3 0  3118
2 26761   0.1151 266.3879 0003228 324.9768 351.7670  1.00272356 43559
INTELSAT 10 (IS-10)     
1 26766U 01019A   13082.75874969  .00000115  00000-0  10000-3 0  2137
2 26766   0.0095 164.0314 0002447 198.0977 139.9248  1.00274846 43465
INTELSAT 901 (IS-901)   
1 26824U 01024A   13082.26964674 -.00000152  00000-0  00000+0 0   356
2 26824   0.0252  53.2937 0003381 329.3523 237.3392  1.00271578 43203
ASTRA 2C                
1 26853U 01025A   13060.00000000  .00000110  00000-0  00000+0 0  9814
2 26853   0.0560 301.8930 0004584  49.6970 186.5590  1.00264077 42925
ARTEMIS                 
1 26863U 01029A   13083.12590861  .00000117  00000-0  00000+0 0  4649
2 26863  10.4721  50.8580 0003760 355.5800 202.1320  1.00277100 43948
GOES 12                 
1 26871U 01031A   13082.26583773 -.00000294  00000-0  00000+0 0  9809
2 26871   2.8694  70.1912 0004148 345.9470 160.8314  1.00265020 42795
INTELSAT 902 (IS-902)   
1 26900U 01039A   13082.77766479  .00000022  00000-0  00000+0 0   777
2 26900   0.0301  34.9583 0003280 347.0477 141.3684  1.00272180 42385
EUTELSAT 8 WEST A       
1 26927U 01042A   13082.24860850 -.00000078  00000-0  00000+0 0  8208
2 26927   0.0830  43.6518 0005253 333.1906 245.4728  1.00271961 42113
DIRECTV 4S              
1 26985U 01052A   13081.13603341 -.00000126  00000-0  10000-3 0   290
2 26985   0.0149 235.5593 0001987 120.5650 131.4590  1.00271534 41519
INSAT-3C                
1 27298U 02002A   13082.11739083 -.00000089  00000-0  10000-3 0   160
2 27298   0.0469 258.7565 0005256 142.5982 255.6528  1.00272685 40891
ECHOSTAR 7              
1 27378U 02006A   13082.21500652 -.00000013  00000-0  10000-3 0  2048
2 27378   0.0162 298.9825 0001193  90.3049 110.1873  1.00274308 40594
INTELSAT 904 (IS-904)   
1 27380U 02007A   13082.04467145  .00000037  00000-0  00000+0 0  1074
2 27380   0.0237  44.5456 0003450 337.6430 234.5812  1.00272705 40621
TDRS 9                  
1 27389U 02011A   13082.21700852 -.00000270  00000-0  10000-3 0  1066
2 27389   2.1094 116.4353 0014887 269.8993 191.6596  1.00275998 41973
JCSAT-2A                
1 27399U 02015A   13081.77814972 -.00000177  00000-0  00000+0 0  9340
2 27399   0.0140 110.7656 0001971 286.3189 217.4825  1.00271099 40280
ASTRA 3A                
1 27400U 02015B   13075.82023610  .00000122  00000-0  00000+0 0  7564
2 27400   0.7327  76.9234 0004656 202.0283 214.5932  1.00276085 40237
INTELSAT 903 (IS-903)   
1 27403U 02016A   13082.32518729 -.00000250  00000-0  00000+0 0  8127
2 27403   0.0250  67.0840 0003215 322.1311 234.3186  1.00271817 40282
NSS-7                   
1 27414U 02019A   13081.23601358 -.00000167  00000-0  00000+0 0   974
2 27414   0.0385 336.0562 0002745  21.7008 247.0960  1.00272192 40104
DIRECTV 5 (TEMPO 1)     
1 27426U 02023A   13082.46730723 -.00000067  00000-0  10000-3 0  1264
2 27426   0.0061 177.1892 0003564 182.0620 239.9583  1.00272825 39853
INTELSAT 905 (IS-905)   
1 27438U 02027A   13082.19094709 -.00000196  00000-0  00000+0 0  6474
2 27438   0.0311 229.4541 0002721 133.9862 221.6275  1.00270530 39603
EXPRESS-A4              
1 27441U 02029A   13082.83947293 -.00000121  00000-0  10000-3 0  2273
2 27441   3.1595  68.6716 0003932 337.4351  63.5841  1.00272254 39518
GALAXY 3C (G-3C)        
1 27445U 02030A   13082.34958501 -.00000163  00000-0  10000-3 0  7573
2 27445   0.0352  18.0894 0000489 218.1585 335.5449  1.00272205 39481
EUTELSAT 5 WEST A       
1 27460U 02035A   13082.09100865 -.00000054  00000-0  10000-3 0  8894
2 27460   0.0463 345.2678 0004848  13.0698 210.1525  1.00272237 39271
N-STAR C                
1 27461U 02035B   13082.74339376 -.00000318  00000-0  00000+0 0  6265
2 27461   1.5711  75.9964 0000888 339.4974 169.5017  1.00256471 39287
EUTELSAT HOT BIRD 13A   
1 27499U 02038A   13081.73374878  .00000075  00000-0  10000-3 0  2892
2 27499   0.0491 291.3572 0004581  89.6469  76.5118  1.00272795 38783
ECHOSTAR 8              
1 27501U 02039A   13081.43486547 -.00000254  00000-0  10000-3 0  1878
2 27501   0.0103 116.1711 0002710 256.9737 246.5793  1.00271573 38797
EUTELSAT 12 WEST A      
1 27508U 02040A   13081.17864486 -.00000112  00000-0  10000-3 0  9938
2 27508   0.0724 331.2513 0000722  21.2387 239.2372  1.00272165 38776
METEOSAT-8 (MSG-1)      
1 27509U 02040B   13082.09122208  .00000014  00000-0  00000+0 0  2994
2 27509   1.9489  62.3865 0001145  21.5298 133.5455  1.00273056 38780
INTELSAT 906 (IS-906)   
1 27513U 02041A   13082.76800116  .00000004  00000-0  00000+0 0  8507
2 27513   0.0382  48.9068 0003299 343.3148 129.8047  1.00271542 38663
KODAMA (DRTS)           
1 27516U 02042B   13082.78635983 -.00000245  00000-0  00000+0 0  1186
2 27516   2.0326  72.9393 0002782 291.1848 191.1422  1.00272466 38628
KALPANA-1 (METSAT 1)    
1 27525U 02043A   13082.93163541 -.00000086  00000-0  00000+0 0  6593
2 27525   3.4703  67.6054 0004336 229.2342 294.0711  1.00271729 38596
HISPASAT 1D             
1 27528U 02044A   13080.40000000 -.00000229  00000-0  00000+0 0  7452
2 27528   0.0330 322.7290 0005642  28.4580 301.8900  1.00272129 38490
EUTELSAT 25C            
1 27554U 02051A   13081.09592947  .00000130  00000-0  10000-3 0  8244
2 27554   0.0456 336.3072 0002533 358.6521 264.7812  1.00270791 37891
TDRS 10                 
1 27566U 02055A   13082.64375889  .00000075  00000-0  10000-3 0  8278
2 27566   2.1271  64.6459 0010158 214.4479 319.5223  1.00270677 37792
NSS-6                   
1 27603U 02057A   13082.65027878 -.00000281  00000-0  00000+0 0  6616
2 27603   0.0322 239.7803 0002818 125.2855 145.3246  1.00272566 37651
NIMIQ 2                 
1 27632U 02062A   13082.51453068 -.00000185  00000-0  10000-3 0  6352
2 27632   0.0146 188.0916 0004135 118.3087 328.8417  1.00271985 37508
INTELSAT 907 (IS-907)   
1 27683U 03007A   13082.15501808 -.00000214  00000-0  00000+0 0  4103
2 27683   0.0260  40.8360 0003501 337.1022 191.1709  1.00270910 37013
INSAT-3A                
1 27714U 03013A   13082.83004381 -.00000269  00000-0  10000-3 0  5964
2 27714   0.0071  98.6380 0004827 216.7359 258.4114  1.00271769 36499
GALAXY 12 (G-12)        
1 27715U 03013B   13082.42473525  .00000047  00000-0  10000-3 0  6841
2 27715   0.0349 326.8385 0001800  24.3209 213.8071  1.00273842 36530
ASIASAT 4               
1 27718U 03014A   13082.87093385 -.00000371  00000-0  10000-3 0  2731
2 27718   0.0147 119.7531 0000281 300.5022 196.8736  1.00276712 36475
HELLAS-SAT 2            
1 27811U 03020A   13082.64906722  .00000141  00000-0  00000+0 0  5771
2 27811   0.0200  81.0368 0004303 300.5380  72.3546  1.00272052 36025
AMC-9 (GE-12)           
1 27820U 03024A   13082.46385775 -.00000227  00000-0  00000+0 0  7334
2 27820   0.0418 274.3006 0003028  92.0300 258.7535  1.00270238 35896
THURAYA-2               
1 27825U 03026A   13081.83472441  .00000125  00000-0  00000+0 0  4331
2 27825   3.4641  18.0307 0005004 350.6368 156.3427  1.00272009 35886
BSAT-2C                 
1 27830U 03028A   13082.99330594 -.00000361  00000-0  10000-3 0  7329
2 27830   0.0443 235.6223 0002072  44.4259   9.0066  1.00270550 35868
OPTUS C1                
1 27831U 03028B   13082.65009172 -.00000158  00000-0  10000-3 0  8031
2 27831   0.0190 171.8123 0002118 189.2339 210.2636  1.00271884 35855
ECHOSTAR 12 (RAINBOW 1) 
1 27852U 03033A   13081.37261073 -.00000295  00000-0  10000-3 0  7365
2 27852   0.0115 276.8574 0000889  59.3998 276.5787  1.00272788 35500
GALAXY 23 (G-23)        
1 27854U 03034A   13081.92973500  .00000001  00000-0  00000+0 0  6867
2 27854   0.0262 244.5000 0003235 136.3166  13.4612  1.00273044 35299
EUTELSAT 33A            
1 27948U 03043A   13082.86080659  .00000145  00000-0  10000-3 0  8382
2 27948   0.0480 354.3769 0001195 175.1365 354.9467  1.00273841 34860
INSAT-3E                
1 27951U 03043E   13082.88948926  .00000074  00000-0  10000-3 0  6927
2 27951   0.0173 223.7081 0006979 163.7131 169.3610  1.00273849 34763
GALAXY 13 (HORIZONS-1)  
1 27954U 03044A   13082.65335270  .00000037  00000-0  00000+0 0  5482
2 27954   0.0061 109.7842 0002868 329.8320 209.8626  1.00274227 34777
ZHONGXING-20            
1 28082U 03052A   13081.90083179 -.00000304  00000-0  00000+0 0  8569
2 28082   0.3624  78.4107 0004777 291.2472 233.2680  1.00273626 34307
YAMAL 202               
1 28089U 03053A   13082.11092024  .00000108  00000-0  10000-3 0  7217
2 28089   0.0491 264.7139 0003069  89.5798 275.3694  1.00269376 34220
YAMAL 201               
1 28094U 03053B   13082.57296054 -.00000240  00000-0  00000+0 0  1769
2 28094   0.0359 251.8570 0002256 150.5546  75.0313  1.00270415 36403
AMOS-2                  
1 28132U 03059A   13083.20381481 -.00000045  00000-0  10000-3 0  4893
2 28132   0.0412 241.5109 0003335 114.7791 254.9083  1.00274199 33922
EXPRESS-AM22 (SESAT 2)  
1 28134U 03060A   13082.81281933  .00000086  00000-0  10000-3 0  8465
2 28134   0.0377 336.4307 0001440  65.3379 125.2876  1.00274427 33841
AMC-10 (GE-10)          
1 28154U 04003A   13082.21420086  .00000076  00000-0  10000-3 0  7348
2 28154   0.0302 322.0589 0002679  17.8437 143.0515  1.00273368 33465
MBSAT                   
1 28184U 04007A   13081.92244943 -.00000262  00000-0  10000-3 0  6020
2 28184   0.0137 240.5708 0001521 109.5267 306.5931  1.00271056 33141
EUTELSAT 7A             
1 28187U 04008A   13083.13510244  .00000037  00000-0  00000+0 0  5336
2 28187   0.0643   6.5479 0004109  11.9437 218.8995  1.00271030 33115
DIRECTV 7S              
1 28238U 04016A   13082.36075712 -.00000010  00000-0  10000-3 0  7140
2 28238   0.0004 126.8122 0002896 233.3177 191.6695  1.00272842 32617
AMC-11 (GE-11)          
1 28252U 04017A   13081.91743591  .00000057  00000-0  00000+0 0  4089
2 28252   0.0298  29.5664 0002746 339.9775  10.2822  1.00271877 32401
INTELSAT 10-02          
1 28358U 04022A   13082.09110774 -.00000022  00000-0  10000-3 0  4946
2 28358   0.0151 157.5848 0000790 147.4127 267.5728  1.00273338 32150
APSTAR 5 (TELSTAR 18)   
1 28364U 04024A   13082.85457624 -.00000305  00000-0  10000-3 0  5885
2 28364   0.0084 170.5893 0002391 183.2479 273.2879  1.00273218 32141
ANIK F2                 
1 28378U 04027A   13082.46730723 -.00000061  00000-0  10000-3 0  2622
2 28378   0.0425 336.9027 0000234 315.9203 305.4365  1.00272163 31881
AMAZONAS 1              
1 28393U 04031A   13081.37261834 -.00000295  00000-0  10000-3 0  1162
2 28393   0.0336 351.6172 0004607  13.5175 247.9953  1.00269945 31642
AMC-15                  
1 28446U 04041A   13082.35711575 -.00000100  00000-0  10000-3 0  7120
2 28446   0.0339 322.9687 0002294   8.8856 232.6510  1.00272952 30921
FENGYUN 2C              
1 28451U 04042A   13082.87130763 -.00000366  00000-0  10000-3 0  6424
2 28451   4.5630  63.2761 0002131  44.5611 150.8785  1.00268634 30842
EXPRESS-AM1             
1 28463U 04043A   13082.92646221  .00000141  00000-0  10000-3 0  5097
2 28463   2.4371  70.7450 0002226  15.3973 108.9370  1.00274183 30754
AMC-16                  
1 28472U 04048A   13081.45196723 -.00000218  00000-0  10000-3 0  6857
2 28472   0.0407 336.5887 0002419  22.1458 259.0797  1.00272597 30335
NSS-10 (AMC-12)         
1 28526U 05003A   13083.17263626 -.00000261  00000-0  10000-3 0  1333
2 28526   0.0483 283.5762 0003317  77.1419 205.8190  1.00272287 29854
XTAR-EUR                
1 28542U 05005A   13079.20942652  .00000138  00000-0  00000+0 0  1646
2 28542   0.0088 228.8055 0002077 106.3749 307.0952  1.00273593 29675
HIMAWARI-6 (MTSAT-1R)   
1 28622U 05006A   13081.24557834 -.00000293  00000-0  10000-3 0  8439
2 28622   0.0525 324.8199 0000905  46.8010  36.7112  1.00270773 29539
XM-3 (RHYTHM)           
1 28626U 05008A   13082.35408940 -.00000217  00000-0  10000-3 0  3454
2 28626   0.0278  10.4881 0000326 289.2490 283.6161  1.00271884 29593
INMARSAT 4-F1           
1 28628U 05009A   13082.74302429 -.00000271  00000-0  10000-3 0  7965
2 28628   2.5812 349.4200 0002982   6.2349 236.6967  1.00271890 29214
EXPRESS-AM2             
1 28629U 05010A   13083.02107942 -.00000147  00000-0  10000-3 0  1857
2 28629   0.0406 320.8263 0000790  22.5456 285.8584  1.00271500 29246
APSTAR 6                
1 28638U 05012A   13082.58218292 -.00000329  00000-0  10000-3 0  5159
2 28638   0.0323  91.3387 0001811 277.0346 156.4498  1.00271605 53959
SPACEWAY 1              
1 28644U 05015A   13082.35465668 -.00000114  00000-0  10000-3 0  5843
2 28644   0.0262 315.5221 0000071 329.8139 280.3987  1.00272663 29047
DIRECTV 8               
1 28659U 05019A   13081.37162736 -.00000128  00000-0  10000-3 0  6604
2 28659   0.0241  15.7059 0003419 338.8889 218.3523  1.00272573 28708
GALAXY 28 (G-28)        
1 28702U 05022A   13082.37625330 -.00000199  00000-0  00000+0 0  4568
2 28702   0.0304  69.0188 0001595  49.4754 108.9729  1.00286451 28422
EXPRESS-AM3             
1 28707U 05023A   13082.57426406 -.00000292  00000-0  10000-3 0  9619
2 28707   0.0127 206.8592 0005130 171.6845 149.3129  1.00270022 28394
THAICOM 4               
1 28786U 05028A   13082.92116994 -.00000373  00000-0  00000+0 0  1693
2 28786   0.0076 101.6684 0002270 270.8338 260.1918  1.00271490 27936
GALAXY 14 (G-14)        
1 28790U 05030A   13082.42062123  .00000025  00000-0  10000-3 0  4950
2 28790   0.0258 313.3786 0002258  36.0125 218.0874  1.00272665 27837
ANIK F1R                
1 28868U 05036A   13082.19968779 -.00000086  00000-0  10000-3 0  1795
2 28868   0.0330   3.0517 0000235 126.2429  16.1170  1.00273843 27689
GALAXY 15 (G-15)        
1 28884U 05041A   13082.42800272  .00000067  00000-0  00000+0 0  4772
2 28884   0.0321  25.9221 0001343   0.0530 176.1779  1.00272551 27255
SYRACUSE 3A             
1 28885U 05041B   13082.73341333  .00000118  00000-0  00000+0 0  2927
2 28885   0.0263  74.5009 0003376 312.4469 105.4342  1.00272641 27378
INMARSAT 4-F2           
1 28899U 05044A   13083.06733377  .00000125  00000-0  00000+0 0  6433
2 28899   2.2677 346.9930 0002421  37.9895 206.0243  1.00264442 27050
TELKOM 2                
1 28902U 05046A   13082.83060832 -.00000374  00000-0  00000+0 0  2964
2 28902   0.0087 141.0778 0002257 278.2086 179.2039  1.00270173 26948
SPACEWAY 2              
1 28903U 05046B   13082.39307456 -.00000138  00000-0  10000-3 0  4451
2 28903   0.0229 357.0308 0000149 239.6392 346.7495  1.00272470 27023
INSAT-4A                
1 28911U 05049A   13081.98740919 -.00000176  00000-0  10000-3 0  6175
2 28911   0.0375 114.3882 0005888 184.8924 319.8116  1.00271758 26615
METEOSAT-9 (MSG-2)      
1 28912U 05049B   13082.18671865  .00000054  00000-0  00000+0 0  4742
2 28912   0.4216  21.2933 0002837 319.5222 276.7336  1.00277098 26636
EUTELSAT 172A (GE-23)   
1 28924U 05052A   13082.57516358 -.00000017  00000-0  10000-3 0  3583
2 28924   0.0194 287.1089 0002856  66.9650 206.2107  1.00274125 26513
ECHOSTAR 10             
1 28935U 06003A   13081.63700650 -.00000068  00000-0  10000-3 0  5946
2 28935   0.0223 331.3127 0001200  53.3068 274.7725  1.00273155 26033
MTSAT-2                 
1 28937U 06004A   13082.64156851 -.00000254  00000-0  00000+0 0  3635
2 28937   0.0552 261.5548 0004296 110.2457 185.4518  1.00269220 26029
SPAINSAT                
1 28945U 06007A   13083.20419388 -.00000227  00000-0  00000+0 0   207
2 28945   0.0288 235.2880 0002439  85.5862 264.4880  1.00272606 25797
EUTELSAT 9A             
1 28946U 06007B   13082.18671865  .00000050  00000-0  10000-3 0  1102
2 28946   0.0529  67.3330 0003998 276.5558 273.1405  1.00273607 25832
JCSAT-5A                
1 29045U 06010A   13081.24805061 -.00000341  00000-0  10000-3 0  1407
2 29045   0.0018  81.5990 0002831 261.3767  58.2442  1.00269733 25473
ASTRA 1KR               
1 29055U 06012A   13060.00000000  .00000111  00000-0  00000+0 0  5730
2 29055   0.0960 252.8270 0002962  34.3540 251.0150  1.00266818 25173
GOES 13                 
1 29155U 06018A   13082.28482965 -.00000261  00000-0  10000-3 0  4747
2 29155   0.3794 261.7684 0002410 148.5599 157.9008  1.00281392 25046
SATMEX 6                
1 29162U 06020A   13082.51765416 -.00000049  00000-0  00000+0 0   542
2 29162   0.0357  42.5027 0002491 339.5546 232.4545  1.00271496 25000
THAICOM 5               
1 29163U 06020B   13082.75680698 -.00000132  00000-0  00000+0 0  3622
2 29163   0.0575 266.3632 0002065 106.7121 159.2722  1.00271871 25067
GALAXY 16 (G-16)        
1 29236U 06023A   13082.48031126 -.00000138  00000-0  10000-3 0  4174
2 29236   0.0117 227.7036 0002702 121.6687 265.6369  1.00271705 24794
EUTELSAT HOT BIRD 13B   
1 29270U 06032A   13083.19256888  .00000076  00000-0  10000-3 0   126
2 29270   0.0931 309.9893 0005645  37.0859 277.0500  1.00271730 24400
JCSAT-3A                
1 29272U 06033A   13081.25920279 -.00000357  00000-0  10000-3 0  1692
2 29272   0.0262 289.3134 0002211  64.7893  47.1249  1.00270477 24288
SYRACUSE 3B             
1 29273U 06033B   13082.09100102 -.00000055  00000-0  10000-3 0  1078
2 29273   0.0305 111.5029 0003192 247.9202 208.8686  1.00273094 24272
KOREASAT 5 (MUGUNGWHA 5)
1 29349U 06034A   13081.80300840 -.00000370  00000-0  10000-3 0  1959
2 29349   0.0146 120.1285 0001656 277.6097 184.8343  1.00271125 24168
ZHONGXING-22A           
1 29398U 06038A   13081.97561403 -.00000324  00000-0  10000-3 0  9147
2 29398   2.8569  69.3850 0004249 351.0690 212.8901  1.00275115 23962
DIRECTV 9S              
1 29494U 06043A   13080.37578567 -.00000127  00000-0  10000-3 0  3091
2 29494   0.0123 147.8001 0002419 197.6687 227.7417  1.00272831 23613
OPTUS D1                
1 29495U 06043B   13081.19915747 -.00000123  00000-0  10000-3 0  1665
2 29495   0.0207 283.0512 0002842  68.7382  59.7484  1.00271761 23660
XM-4 (BLUES)            
1 29520U 06049A   13081.40000000 -.00000035  00000-0  10000-3 0   156
2 29520   0.0060  58.1220 0000130  48.2050 102.4570  1.00272010 23521
BADR-4                  
1 29526U 06051A   13082.86040747  .00000134  00000-0  10000-3 0  1721
2 29526   0.0553 336.3178 0005679 358.4809 182.4240  1.00273723 23421
FENGYUN 2D              
1 29640U 06053A   13083.06264264 -.00000207  00000-0  10000-3 0  6395
2 29640   1.4217  72.4288 0001991 337.8702 240.4366  1.00268140 23090
WILDBLUE-1              
1 29643U 06054A   13082.36213262 -.00000061  00000-0  10000-3 0  9046
2 29643   0.0086 173.8447 0001888 179.4062 206.9429  1.00272911 23075
AMC-18                  
1 29644U 06054B   13082.35711575 -.00000101  00000-0  10000-3 0  2954
2 29644   0.0129 274.5495 0003103  63.4494 226.6134  1.00273027 23081
MEASAT-3                
1 29648U 06056A   13082.83579831 -.00000253  00000-0  10000-3 0  9809
2 29648   0.0267 106.0191 0001960 281.5029 186.3341  1.00272273 23103
KIKU-8 (ETS-VIII)       
1 29656U 06059A   13081.78250139 -.00000247  00000-0  00000+0 0  1261
2 29656   2.5870  70.5682 0007957 303.6558 233.6276  1.00275443 22984
INSAT-4B                
1 30793U 07007A   13082.83013242 -.00000269  00000-0  10000-3 0  2987
2 30793   0.0463  83.8162 0003707 327.5326 162.4694  1.00272619 22116
SKYNET 5A               
1 30794U 07007B   13083.13510244  .00000030  00000-0  00000+0 0   142
2 30794   0.0685  14.5750 0003632  10.8372 210.9793  1.00271929 22287
ANIK F3                 
1 31102U 07009A   13082.42993319 -.00000012  00000-0  10000-3 0  1537
2 31102   0.0024 136.7336 0002217 220.7593 219.6361  1.00272522 21860
ASTRA 1L                
1 31306U 07016A   13080.22282441  .00000107  00000-0  10000-3 0  5307
2 31306   0.0189 152.6637 0003406 185.3654 300.3028  1.00275361 21585
GALAXY 17 (G-17)        
1 31307U 07016B   13082.29647409 -.00000186  00000-0  00000+0 0  1181
2 31307   0.0102 165.3109 0004914 185.7547 205.6272  1.00272810 21603
EUTELSAT 3A             
1 31577U 07021A   13082.78220230  .00000010  00000-0  10000-3 0  6386
2 31577   0.0152 148.2894 0002013 233.0486  84.8697  1.00273013 21317
ZHONGXING-6B            
1 31800U 07031A   13082.81986547 -.00000373  00000-0  10000-3 0  6372
2 31800   0.0064 243.7508 0003305 122.4659 225.9269  1.00275747 21004
DIRECTV 10              
1 31862U 07032A   13082.35465668 -.00000115  00000-0  10000-3 0  1083
2 31862   0.0416 345.3425 0000302 331.1128 249.4065  1.00272201 20932
SPACEWAY 3              
1 32018U 07036A   13081.52025847 -.00000164  00000-0  10000-3 0   207
2 32018   0.0246   4.0999 0000178 236.0252  32.3823  1.00271711 20648
BSAT-3A                 
1 32019U 07036B   13078.93574719 -.00000364  00000-0  00000+0 0  9189
2 32019   0.0325 166.3168 0001433 273.3356 184.6497  1.00270699 20553
INSAT-4CR               
1 32050U 07037A   13082.00221884 -.00000089  00000-0  10000-3 0  2867
2 32050   0.0087 146.0111 0003004 193.7552 275.6787  1.00272903 20378
OPTUS D2                
1 32252U 07044A   13082.63085334 -.00000194  00000-0  00000+0 0  1339
2 32252   0.0095 104.4517 0003288 273.8535 182.0868  1.00271039 20060
INTELSAT 11 (IS-11)     
1 32253U 07044B   13080.92950720 -.00000281  00000-0  10000-3 0  8250
2 32253   0.0125 148.0118 0002967 211.8747 111.3068  1.00270619 20044
STAR ONE C1             
1 32293U 07056A   13082.08946118 -.00000288  00000-0  00000+0 0  9301
2 32293   0.0605 257.0454 0003024 149.7178 101.1578  1.00268837 19687
SKYNET 5B               
1 32294U 07056B   13082.18017566  .00000088  00000-0  10000-3 0   357
2 32294   0.0663 352.1380 0003984 357.7291 308.5429  1.00272611 19761
ASTRA 4A (SIRIUS 4)     
1 32299U 07057A   13082.83879479  .00000022  00000-0  10000-3 0  9036
2 32299   0.0130 274.8938 0002730  70.0179 143.3360  1.00273997 19624
RADUGA-1M 1             
1 32373U 07058A   13081.98191924 -.00000051  00000-0  00000+0 0  5132
2 32373   0.0027 203.0319 0001541 163.2162 237.8622  1.00273011 20253
HORIZONS-2              
1 32388U 07063B   13082.05242462 -.00000194  00000-0  10000-3 0  9550
2 32388   0.0330 338.7937 0002842  19.0902 286.5166  1.00272028 19409
THURAYA-3               
1 32404U 08001A   13082.67695058 -.00000314  00000-0  10000-3 0   558
2 32404   4.7251 340.9915 0004742  10.4379 172.2152  1.00272396 19062
EXPRESS-AM33            
1 32478U 08003A   13081.99324529 -.00000292  00000-0  10000-3 0  4444
2 32478   0.0498 305.5191 0001188 153.9635 175.2142  1.00271513 19160
THOR 5                  
1 32487U 08006A   13082.78209558 -.00000020  00000-0  10000-3 0  9690
2 32487   0.0225 228.0474 0002593 137.2502  96.9099  1.00272635 18727
KIZUNA (WINDS)          
1 32500U 08007A   13081.23821398 -.00000271  00000-0  10000-3 0  8831
2 32500   0.0336 274.2130 0002570  70.7656  63.6544  1.00271027 18645
AMC-14                  
1 32708U 08011A   13082.94122490  .00000156  00000-0  00000+0 0   931
2 32708  16.0809  89.0519 0050815 352.5681 108.2860  1.00272506 19702
DIRECTV 11              
1 32729U 08013A   13082.48030807 -.00000137  00000-0  10000-3 0   671
2 32729   0.0245 353.4600 0000268 275.4756 345.8742  1.00272467 18460
ICO G1                  
1 32763U 08016A   13082.44880933 -.00000183  00000-0  00000+0 0    59
2 32763   4.5090 339.9677 0003698  37.6366 232.1999  1.00271267 18125
VINASAT-1               
1 32767U 08018A   13081.24975442 -.00000341  00000-0  10000-3 0  9209
2 32767   0.0317 322.7308 0001757  39.7756  39.2331  1.00270241 18131
STAR ONE C2             
1 32768U 08018B   13082.43959053 -.00000277  00000-0  00000+0 0  9070
2 32768   0.0268  64.0048 0002770 344.7213 220.6020  1.00276873 18179
TIANLIAN I (CTDRS-1)    
1 32779U 08019A   13082.99091660 -.00000118  00000-0  10000-3 0  4226
2 32779   0.1297 274.1393 0003350 257.3895  83.8693  1.00272452 18007
AMOS-3                  
1 32794U 08022A   13083.20381481 -.00000045  00000-0  10000-3 0  7665
2 32794   0.0161 177.3779 0002193 206.2881 227.5316  1.00273793 17981
GALAXY 18 (G-18)        
1 32951U 08024A   13082.42065219  .00000014  00000-0  00000+0 0  7810
2 32951   0.0230 124.9362 0003176 254.2555 190.3019  1.00272212 17748
CHINASAT 9 (ZX 9)       
1 33051U 08028A   13082.98977333 -.00000258  00000-0  10000-3 0  3986
2 33051   0.0009 133.0500 0005715 237.1452 259.9506  1.00272366 17569
SKYNET 5C               
1 33055U 08030A   13082.26964674 -.00000151  00000-0  00000+0 0  7428
2 33055   0.0642   5.9429 0002436  33.2660 220.9314  1.00273110 17558
TURKSAT 3A              
1 33056U 08030B   13082.86097534  .00000135  00000-0  10000-3 0  8222
2 33056   0.0133 166.7707 0003344 194.1523 172.5268  1.00274586 17618
COSMOS 2440             
1 33108U 08033A   13080.46555029 -.00000054  00000-0  10000-3 0  1151
2 33108   1.8190  56.2677 0003847 347.3778  13.1518  1.00276354 17320
INTELSAT 25 (IS-25)     
1 33153U 08034A   13081.24854475 -.00000237  00000-0  00000+0 0  8195
2 33153   0.0300  28.3359 0001829 330.4927 239.0383  1.00270016 17269
BADR-6                  
1 33154U 08034B   13083.08769252  .00000134  00000-0  10000-3 0  8862
2 33154   0.0711  16.1366 0006015  10.5747 212.6130  1.00276996 17302
ECHOSTAR 11             
1 33207U 08035A   13082.23409192 -.00000068  00000-0  10000-3 0   401
2 33207   0.0180 299.1325 0002712  67.6780 148.3405  1.00272890 17184
SUPERBIRD-C2            
1 33274U 08038A   13081.33279906 -.00000264  00000-0  10000-3 0   123
2 33274   0.0184 262.1708 0001485  43.3518 138.1982  1.00270380 16901
AMC-21                  
1 33275U 08038B   13082.42062123  .00000024  00000-0  10000-3 0  9443
2 33275   0.0323 320.1463 0002408   6.3115 241.1257  1.00273370 17002
INMARSAT 4-F3           
1 33278U 08039A   13082.37010670 -.00000152  00000-0  00000+0 0  1160
2 33278   3.0100 345.9395 0005269 103.1814 127.4218  1.00271357 16869
NIMIQ 4                 
1 33373U 08044A   13082.46369294 -.00000232  00000-0  00000+0 0  7425
2 33373   0.0177  86.2764 0002579 287.6569 252.0881  1.00272029 16540
GALAXY 19 (G-19)        
1 33376U 08045A   13082.47144441 -.00000150  00000-0  00000+0 0  8582
2 33376   0.0109 146.3678 0003160 233.6152 233.7796  1.00271116 16497
VENESAT-1               
1 33414U 08055A   13080.19452388 -.00000250  00000-0  10000-3 0  2282
2 33414   0.0263 348.8718 0001043  41.8343 140.1380  1.00269869 16171
ASTRA 1M                
1 33436U 08057A   13060.00000000  .00000110  00000-0  00000+0 0  1093
2 33436   0.0540 230.7820 0000949  22.5700 284.7900  1.00263520 15847
CIEL-2                  
1 33453U 08063A   13081.41541410  .00000045  00000-0  10000-3 0  8035
2 33453   0.0179 284.6541 0003004  61.7955 214.3179  1.00274389 15699
EUTELSAT HOT BIRD 13C   
1 33459U 08065A   13083.19256888  .00000076  00000-0  10000-3 0  7855
2 33459   0.0461 274.8434 0003842 110.8850 238.3985  1.00272763 15786
EUTELSAT 28B            
1 33460U 08065B   13081.09599807  .00000138  00000-0  00000+0 0  6892
2 33460   0.0087 211.4834 0005609 148.1149 243.2000  1.00275219 15626
FENGYUN 2E              
1 33463U 08066A   13082.87075167 -.00000341  00000-0  10000-3 0  1573
2 33463   1.1135  45.1033 0001786 126.5539  67.6215  1.00279519 15637
EXPRESS-AM44            
1 33595U 09007A   13082.32118906 -.00000100  00000-0  10000-3 0  1308
2 33595   0.0333 309.8855 0001294 140.1537 195.5355  1.00272117 15090
EXPRESS-MD1             
1 33596U 09007B   13083.02107980 -.00000148  00000-0  10000-3 0  1668
2 33596   0.0241 265.8258 0002733  69.3650 294.1439  1.00272213 15135
NSS-9                   
1 33749U 09008A   13081.55173304  .00000059  00000-0  10000-3 0  8249
2 33749   0.0238 312.1811 0001790  53.5045 196.1125  1.00274464 15084
EUTELSAT 3C             
1 33750U 09008B   13082.09120684  .00000009  00000-0  10000-3 0  9329
2 33750   0.0883 317.2225 0005618 325.5018 293.9746  1.00275344 15120
TELSTAR 11N             
1 34111U 09009A   13081.20431752 -.00000263  00000-0  10000-3 0  7607
2 34111   0.0002 182.0089 0002710 149.4451 244.4014  1.00270886 14938
RADUGA-1 8              
1 34264U 09010A   13082.75213640  .00000075  00000-0  10000-3 0  1450
2 34264   2.5905  91.0932 0000883 285.2504  87.9644  1.00280041 14886
EUTELSAT 10A            
1 34710U 09016A   13082.18072517  .00000057  00000-0  10000-3 0  8238
2 34710   0.0650 353.6970 0004606   2.9298 259.2281  1.00273377 14595
BEIDOU G2               
1 34779U 09018A   13080.57531473  .00000123  00000-0  10000-3 0  8512
2 34779   2.3780  69.3582 0055971 171.2163 189.3620  1.00351058 14606
SICRAL 1B               
1 34810U 09020A   13083.14256846  .00000069  00000-0  00000+0 0  7697
2 34810   0.0955  75.7062 0003302   9.3160 159.9565  1.00268241 14460
SES-7 (PROTOSTAR 2)     
1 34941U 09027A   13082.88640593 -.00000355  00000-0  10000-3 0  8252
2 34941   0.0509  46.8162 0001553 260.7248 301.2244  1.00270397 14164
MEASAT-3A               
1 35362U 09032A   13082.83579677 -.00000252  00000-0  10000-3 0  5292
2 35362   0.0312 265.0782 0001982  65.8815 242.8767  1.00271013 13779
GOES 14                 
1 35491U 09033A   13082.35711575 -.00000097  00000-0  00000+0 0  8855
2 35491   0.0612  85.8053 0002704 132.8737 345.3433  1.00271217 13714
SIRIUS FM-5             
1 35493U 09034A   13082.34958501 -.00000157  00000-0  00000+0 0  6405
2 35493   0.0291 224.9211 0001915 135.7266 210.1985  1.00272907 13698
TERRESTAR-1             
1 35496U 09035A   13081.56849667 -.00000070  00000-0  00000+0 0  8309
2 35496   4.3089 325.5683 0003332  51.3872 256.9058  1.00271941 13691
ASIASAT 5               
1 35696U 09042A   13082.90559288 -.00000318  00000-0  10000-3 0    82
2 35696   0.0189 289.8023 0001173  10.8758 307.3473  1.00270315 13248
JCSAT-RA (JCSAT-12)     
1 35755U 09044A   13081.75091762 -.00000357  00000-0  10000-3 0  6562
2 35755   0.0427 342.3677 0001182   3.0204 233.2603  1.00271574 13182
OPTUS D3                
1 35756U 09044B   13082.65009131 -.00000158  00000-0  10000-3 0  6954
2 35756   0.0425 340.3465 0004016  24.4185 206.5577  1.00272917 13172
PALAPA D                
1 35812U 09046A   13081.57761067 -.00000370  00000-0  10000-3 0  6857
2 35812   0.0180 114.8251 0001990 278.2177 108.0793  1.00271727 13206
NIMIQ 5                 
1 35873U 09050A   13081.43502822 -.00000269  00000-0  10000-3 0  6886
2 35873   0.0060 212.5172 0002627 136.0471 275.4276  1.00271347 12880
AMAZONAS 2              
1 35942U 09054A   13081.37261834 -.00000295  00000-0  10000-3 0  6558
2 35942   0.0309 143.1262 0001993 246.3061 223.7548  1.00272594 12734
COMSATBW-1              
1 35943U 09054B   13082.94576309  .00000014  00000-0  00000+0 0  6608
2 35943   0.0342  90.5452 0002419 293.3112 201.1817  1.00271671 12791
NSS-12                  
1 36032U 09058A   13082.02825972  .00000060  00000-0  00000+0 0  6335
2 36032   0.0279  25.4085 0002906   3.6727 218.7493  1.00271910 12479
THOR 6                  
1 36033U 09058B   13082.09110774 -.00000021  00000-0  10000-3 0  7086
2 36033   0.0093 206.6234 0001790 143.3070 222.7577  1.00273495 12496
INTELSAT 14 (IS-14)     
1 36097U 09064A   13081.44967745 -.00000286  00000-0  00000+0 0  5197
2 36097   0.0119  91.6054 0002168 280.3425 285.0474  1.00271012 12236
EUTELSAT 36B            
1 36101U 09065A   13082.86696593  .00000144  00000-0  10000-3 0  7145
2 36101   0.0664 353.8413 0004075   4.5441 171.1198  1.00274138 12344
INTELSAT 15 (IS-15)     
1 36106U 09067A   13082.88246558 -.00000196  00000-0  10000-3 0  7357
2 36106   0.0441 336.9383 0002350  20.7776 226.6410  1.00272328 12134
DIRECTV 12              
1 36131U 09075A   13082.64338322 -.00000114  00000-0  10000-3 0  8833
2 36131   0.0262 345.1753 0000418 288.9741  35.9730  1.00271817 11912
BEIDOU G1               
1 36287U 10001A   13081.46904892 -.00000294  00000-0  10000-3 0  9050
2 36287   1.6093   0.8074 0002506 206.5636 281.6477  1.00272690 11708
RADUGA-1M 2             
1 36358U 10002A   13082.88350836 -.00000195  00000-0  10000-3 0  9139
2 36358   0.0257 249.9623 0002070 146.1531 188.4466  1.00271810 11544
SDO                     
1 36395U 10005A   13082.40605583 -.00000075  00000-0  00000+0 0  6996
2 36395  27.8318 168.8424 0001125 245.8534 170.1476  1.00275644 11580
INTELSAT 16 (IS-16)     
1 36397U 10006A   13081.37268696 -.00000297  00000-0  10000-3 0  6311
2 36397   0.0432  49.0804 0002539 293.9644 273.0312  1.00271052 11367
GOES 15                 
1 36411U 10008A   13082.42975061  .00000077  00000-0  10000-3 0  4951
2 36411   0.0067 162.4982 0001320 112.4239 285.5817  1.00278183 11211
ECHOSTAR 14             
1 36499U 10010A   13082.59868656 -.00000011  00000-0  00000+0 0  8126
2 36499   0.0063 167.9898 0002685 202.4433 267.4357  1.00270189 11069
SES-1                   
1 36516U 10016A   13082.46608145 -.00000126  00000-0  10000-3 0  6897
2 36516   0.0174 295.2901 0002577  66.0618 246.5381  1.00272243 10664
ASTRA 3B                
1 36581U 10021A   13076.80851021  .00000122  00000-0  00000+0 0  5731
2 36581   0.0894  59.4628 0002452 303.5884 127.0486  1.00275085 10450
COMSATBW-2              
1 36582U 10021B   13083.19256888  .00000078  00000-0  10000-3 0  6390
2 36582   0.0303  92.5612 0001760 277.6551 254.1636  1.00271867 10521
BEIDOU G3               
1 36590U 10024A   13082.41258417 -.00000365  00000-0  10000-3 0  7498
2 36590   1.3560  20.7267 0003648 307.4628 111.9054  1.00277605 10319
BADR-5                  
1 36592U 10025A   13081.67635223  .00000133  00000-0  10000-3 0  4794
2 36592   0.0102 160.1049 0001023 171.2192 118.5159  1.00276780 10440
COMS 1                  
1 36744U 10032A   13082.78577427 -.00000355  00000-0  10000-3 0  5401
2 36744   0.0135 109.3105 0001032 225.5436 257.6327  1.00270841 10182
ARABSAT-5A              
1 36745U 10032B   13082.01668595  .00000142  00000-0  00000+0 0  5021
2 36745   0.0556  16.1859 0003522   1.1254 199.8342  1.00271600 10204
ECHOSTAR 15             
1 36792U 10034A   13081.37260310 -.00000294  00000-0  10000-3 0  5952
2 36792   0.0331 333.7813 0001917  35.4431 243.2977  1.00271805  9919
BEIDOU IGSO 1           
1 36828U 10036A   13082.86707297 -.00000178  00000-0  10000-3 0  6906
2 36828  54.5914 208.8772 0030607 180.4563 221.5084  1.00250140  9750
NILESAT 201             
1 36830U 10037A   13083.14662405 -.00000068  00000-0  10000-3 0  5258
2 36830   0.0488 179.7848 0002141 158.6310 249.1685  1.00274161  9824
RASCOM-QAF 1R           
1 36831U 10037B   13082.78219468  .00000007  00000-0  10000-3 0  5033
2 36831   0.0081 119.0487 0004203 232.9677 113.8731  1.00272741  9824
CHINASAT 6A (ZX 6A)     
1 37150U 10042A   13082.85401438 -.00000365  00000-0  10000-3 0  7155
2 37150   0.0333 123.3174 0000667 223.8695 266.7847  1.00275173  9467
XM-5                    
1 37185U 10053A   13082.39369750 -.00000216  00000-0  00000+0 0  6119
2 37185   0.0159  74.2285 0002471  68.7204  94.6023  1.00271667  8989
BSAT-3B                 
1 37207U 10056B   13080.84358808 -.00000363  00000-0  10000-3 0  5765
2 37207   0.0575 313.3133 0004187  21.9532 257.7705  1.00271193  8800
BEIDOU G4               
1 37210U 10057A   13082.64112554 -.00000122  00000-0  10000-3 0  6377
2 37210   0.5375   7.0752 0002683 196.6129   8.3846  1.00272288  8837
SKYTERRA 1              
1 37218U 10061A   13081.52679626 -.00000133  00000-0  10000-3 0  6297
2 37218   5.0491 321.7806 0003456 180.3431 126.3620  1.00272354  8740
ZHONGXING-20A           
1 37234U 10064A   13079.46353422 -.00000351  00000-0  10000-3 0  6316
2 37234   0.0368 267.7414 0002402  97.0651 110.1730  1.00267273  8554
HYLAS 1                 
1 37237U 10065A   13083.21452722 -.00000244  00000-0  10000-3 0  5131
2 37237   0.0515  31.1838 0001634  34.9992 159.3801  1.00271339  8549
INTELSAT 17 (IS-17)     
1 37238U 10065B   13082.76841731 -.00000013  00000-0  00000+0 0  4322
2 37238   0.0307  81.1987 0003273 301.6169 141.2085  1.00271133  8568
BEIDOU IGSO 2           
1 37256U 10068A   13082.78038029 -.00000220  00000-0  10000-3 0  5938
2 37256  54.7227 329.0754 0020760 187.8573  65.8055  1.00269389  8337
EUTELSAT KA-SAT 9A      
1 37258U 10069A   13082.78232427  .00000050  00000-0  10000-3 0  5434
2 37258   0.0469 297.7911 0002562 158.1668  16.0801  1.00272195  8351
HISPASAT 1E             
1 37264U 10070A   13081.30000000 -.00000229  00000-0  00000+0 0  5120
2 37264   0.0280 122.3520 0002681 257.0540 238.5310  1.00271077  8183
KOREASAT 6              
1 37265U 10070B   13082.81986547 -.00000373  00000-0  00000+0 0  4643
2 37265   0.0484   5.3471 0001972   6.0283 221.2479  1.00275412  8220
ELEKTRO-L 1 (GOMS 2)    
1 37344U 11001A   13082.97838764 -.00000109  00000-0  00000+0 0  5705
2 37344   0.0900  54.5434 0000777  37.7550 157.6405  1.00271945  8011
BEIDOU IGSO 3           
1 37384U 11013A   13082.87148338 -.00000093  00000-0  10000-3 0  5080
2 37384  56.0288  89.1628 0021711 195.6058 331.8768  1.00275859  7219
INTELSAT NEW DAWN       
1 37392U 11016A   13081.09609718  .00000143  00000-0  10000-3 0  4094
2 37392   0.0088 124.4015 0000763 266.7459 216.0069  1.00275764  7052
YAHSAT 1A               
1 37393U 11016B   13082.81281887  .00000090  00000-0  00000+0 0  5322
2 37393   0.0057 227.1719 0000787 162.3162 137.0579  1.00273138  7117
TELSTAR 14R             
1 37602U 11021A   13082.40939655 -.00000291  00000-0  10000-3 0  3674
2 37602   0.0213 293.9761 0002563  51.6241 279.8074  1.00270622  7417
GSAT-8                  
1 37605U 11022A   13080.08613271  .00000072  00000-0  10000-3 0  4221
2 37605   0.0153 142.1143 0005615 152.7991 329.8885  1.00272760  6755
ST-2                    
1 37606U 11022B   13081.61562027 -.00000223  00000-0  10000-3 0  4188
2 37606   0.0166 120.3730 0001691 220.6821 148.8380  1.00271486  6783
CHINASAT 10 (ZX 10)     
1 37677U 11026A   13082.91744579 -.00000363  00000-0  10000-3 0  4947
2 37677   0.0484 336.4767 0003693 213.6989  72.1540  1.00274762  6524
TIANLIAN 1-02           
1 37737U 11032A   13082.66197530  .00000019  00000-0  10000-3 0  4758
2 37737   0.1004 267.9842 0003827 109.3115 219.0463  1.00273142  6250
GSAT-12                 
1 37746U 11034A   13081.98740846 -.00000177  00000-0  10000-3 0  3832
2 37746   0.0101 169.6259 0005980 280.2555 169.2161  1.00272702  6494
SES-3                   
1 37748U 11035A   13082.64354906 -.00000112  00000-0  10000-3 0  4309
2 37748   0.0226 316.0946 0002564  40.3867 313.3619  1.00272010  6224
KAZSAT-2                
1 37749U 11035B   13083.06264264 -.00000209  00000-0  00000+0 0  3507
2 37749   0.0460 355.4242 0001092  99.4955 195.8107  1.00273757  6290
BEIDOU IGSO 4           
1 37763U 11038A   13081.98629303 -.00000102  00000-0  10000-3 0  3602
2 37763  54.9100 211.0146 0021346 174.4240 243.2163  1.00255756  6176
ASTRA 1N                
1 37775U 11041A   13083.08773825  .00000139  00000-0  00000+0 0  3391
2 37775   0.0660  36.8893 0003518 348.1526 216.4545  1.00274265  6006
BSAT-3C (JCSAT-110R)    
1 37776U 11041B   13080.84358808 -.00000363  00000-0  10000-3 0  3950
2 37776   0.0081 267.8108 0000253 342.1825 343.1502  1.00270256  6061
PAKSAT-1R               
1 37779U 11042A   13082.64278196  .00000142  00000-0  00000+0 0  3055
2 37779   0.0447 338.4953 0002073  60.0007  52.1779  1.00272621  6008
CHINASAT 1A (ZX 1A)     
1 37804U 11047A   13082.78457159 -.00000349  00000-0  10000-3 0  4159
2 37804   0.0522 292.1504 0005603 116.6150 184.8807  1.00269707  5632
COSMOS 2473             
1 37806U 11048A   13083.02107802 -.00000146  00000-0  10000-3 0  3982
2 37806   0.0429 115.0003 0001441 329.7276 184.4227  1.00271498  5608
SES-2                   
1 37809U 11049A   13082.46645434 -.00000207  00000-0  00000+0 0  2893
2 37809   0.0262  23.7181 0003106 348.9816 249.3203  1.00270353  5560
ARABSAT-5C              
1 37810U 11049B   13083.12802804  .00000112  00000-0  00000+0 0  2664
2 37810   0.0630  10.1811 0001935  57.4100 180.2162  1.00270670  5599
EUTELSAT 7 WEST A       
1 37816U 11051A   13082.24860850 -.00000072  00000-0  10000-3 0  4034
2 37816   0.1009 301.2806 0001986 249.7380  72.0726  1.00272651  5490
QUETZSAT 1              
1 37826U 11054A   13081.43486547 -.00000254  00000-0  10000-3 0  3609
2 37826   0.0343 288.5750 0002112  72.9494 258.0405  1.00270970  5616
INTELSAT 18 (IS-18)     
1 37834U 11056A   13082.80034455  .00000041  00000-0  00000+0 0  3045
2 37834   0.0394  66.4911 0002574 318.7906 264.2660  1.00269745  5490
EUTELSAT 16A            
1 37836U 11057A   13082.78249959  .00000093  00000-0  10000-3 0  3044
2 37836   0.0660 345.3171 0004298  18.3510 115.4347  1.00271100  5367
VIASAT-1                
1 37843U 11059A   13081.50000000 -.00000036  00000-0  10000-3 0  2615
2 37843   0.0048 165.3843 0002574 167.6265 272.0419  1.00273462  5791
ASIASAT 7               
1 37933U 11069A   13081.83584690 -.00000374  00000-0  00000+0 0  3547
2 37933   0.0236  98.9760 0000844 249.3107 253.3040  1.00274127  4992
BEIDOU IGSO 5           
1 37948U 11073A   13082.78168847 -.00000165  00000-0  10000-3 0  3414
2 37948  54.8398 328.4875 0019592 182.9432  47.0606  1.00281356  4937
AMOS-5                  
1 37950U 11074A   13083.12753302  .00000098  00000-0  00000+0 0  2208
2 37950   0.0091 129.7498 0000741 329.6440 145.2831  1.00270805  4872
LUCH 5A                 
1 37951U 11074B   13082.41101899 -.00000065  00000-0  00000+0 0  3103
2 37951   3.8836 260.5077 0000923  51.4127 183.9776  1.00274059  4717
NIGCOMSAT 1R            
1 38014U 11077A   13081.92808105  .00000133  00000-0  00000+0 0  2504
2 38014   0.0451  54.5975 0001647  24.4356 118.1225  1.00271567  4682
FENGYUN 2F              
1 38049U 12002A   13082.87040270 -.00000369  00000-0  10000-3 0  3190
2 38049   1.4593 277.7305 0003809 233.7665  95.2831  1.00273470  4423
SES-4                   
1 38087U 12007A   13083.10778818 -.00000179  00000-0  00000+0 0  2328
2 38087   0.0346 284.1080 0004585  77.6403 196.8122  1.00268274  4107
BEIDOU G5               
1 38091U 12008A   13082.13002565  .00000044  00000-0  00000+0 0  2998
2 38091   1.2520 313.7577 0000748 342.6780 349.8098  1.00275312  4001
INTELSAT 22 (IS-22)     
1 38098U 12011A   13082.96745355 -.00000070  00000-0  00000+0 0  1989
2 38098   0.0307  38.5345 0002001 334.3200 229.1237  1.00272046  3681
COSMOS 2479             
1 38101U 12012A   13081.62948125 -.00000075  00000-0  10000-3 0  2720
2 38101   1.5580 288.7435 0003930 110.0753 173.7702  1.00270690  3581
APSTAR 7                
1 38107U 12013A   13082.89274580 -.00000113  00000-0  10000-3 0  2503
2 38107   0.0087 116.5460 0002838 250.7738 212.0920  1.00272683  3707
YAHSAT 1B               
1 38245U 12016A   13082.91387465  .00000115  00000-0  10000-3 0  2050
2 38245   0.0042 203.7275 0000541 216.3620 138.0515  1.00273812  3455
JCSAT-13                
1 38331U 12023A   13079.89644716 -.00000370  00000-0  10000-3 0  1808
2 38331   0.0281 273.2039 0001242  92.5222 259.5585  1.00271626  3140
VINASAT-2               
1 38332U 12023B   13081.25089872 -.00000341  00000-0  10000-3 0  1839
2 38332   0.0027 204.7819 0002057 164.3865  32.8831  1.00270582  3157
NIMIQ 6                 
1 38342U 12026A   13082.51545102 -.00000185  00000-0  10000-3 0  2068
2 38342   0.0044 219.0300 0004425 182.7894 233.7410  1.00272017  3125
CHINASAT 2A (ZX 2A)     
1 38352U 12028A   13082.82743316 -.00000304  00000-0  00000+0 0  2307
2 38352   0.0518 294.7186 0003410  74.9436 207.9286  1.00273295  3179
INTELSAT 19 (IS-19)     
1 38356U 12030A   13082.78600310 -.00000067  00000-0  10000-3 0  1978
2 38356   0.0446  18.6061 0002359 342.3762 269.4071  1.00273365  3075
ECHOSTAR 17             
1 38551U 12035A   13082.50236829 -.00000087  00000-0  10000-3 0  1736
2 38551   0.0148 134.3100 0000775 135.8670 344.7147  1.00272585  2651
METEOSAT-10 (MSG-3)     
1 38552U 12035B   13081.18567807 -.00000019  00000-0  00000+0 0  2688
2 38552   1.2815 247.3416 0001898 173.2906 185.7149  1.00271992  2742
SES-5                   
1 38652U 12036A   13082.83879479  .00000023  00000-0  10000-3 0  1750
2 38652   0.0777 265.6424 0002043  94.3420 128.4266  1.00272840  2608
TIANLIAN 1-03           
1 38730U 12040A   13083.19694759  .00000095  00000-0  10000-3 0  1791
2 38730   1.5670 272.1044 0000857   1.4078 356.0139  1.00277305  2523
INTELSAT 20 (IS-20)     
1 38740U 12043A   13082.89490038 -.00000036  00000-0  10000-3 0  1814
2 38740   0.0468  83.8598 0001570 230.1697 258.1916  1.00273489  2361
HYLAS 2                 
1 38741U 12043B   13081.41377058  .00000142  00000-0  00000+0 0  1281
2 38741   0.0192  85.6545 0002748 320.0467 314.3089  1.00272147  2377
INTELSAT 21 (IS-21)     
1 38749U 12045A   13082.26856719 -.00000296  00000-0  10000-3 0  1467
2 38749   0.0020 222.1144 0002513 178.7337 178.7206  1.00270464  2229
ASTRA 2F                
1 38778U 12051A   13081.81191903  .00000138  00000-0  00000+0 0   876
2 38778   0.0533 240.3718 0002067  34.6466 225.9560  1.00276551  1811
GSAT-10                 
1 38779U 12051B   13081.98740940 -.00000177  00000-0  10000-3 0  1168
2 38779   0.0356 251.2441 0001287  91.3441 276.5187  1.00272535  1810
INTELSAT 23 (IS-23)     
1 38867U 12057A   13081.37280130 -.00000297  00000-0  10000-3 0   910
2 38867   0.0244  20.6026 0003106  15.0031 225.6147  1.00271212  1633
BEIDOU G6               
1 38953U 12059A   13083.02107822 -.00000150  00000-0  00000+0 0  1080
2 38953   1.5361 276.4280 0002294  69.7240 283.0864  1.00272399  1599
LUCH 5B                 
1 38977U 12061A   13082.32874266 -.00000137  00000-0  00000+0 0  1135
2 38977   0.3879 114.6535 0002196 305.2451 223.3882  1.00274921  1708
YAMAL 300K              
1 38978U 12061B   13082.86987116 -.00000241  00000-0  10000-3 0   853
2 38978   0.0421 302.2379 0001215 146.0504 136.4273  1.00272139  1416
STAR ONE C3             
1 38991U 12062A   13081.37228294 -.00000262  00000-0  10000-3 0  1066
2 38991   0.0021 167.1756 0002624 183.9249 247.9423  1.00274008  1372
EUTELSAT 21B            
1 38992U 12062B   13081.43986752  .00000118  00000-0  00000+0 0  1002
2 38992   0.0194   0.8397 0002177  12.6632 346.5029  1.00271352  1394
ECHOSTAR 16             
1 39008U 12065A   13081.37258786 -.00000294  00000-0  10000-3 0   927
2 39008   0.0018 168.2743 0002785 185.6067 258.7783  1.00272757  1324
CHINASAT 12 (ZX 12)     
1 39017U 12067A   13082.88991882  .00000096  00000-0  00000+0 0   897
2 39017   0.0591 251.3361 0002482 106.9458 195.1137  1.00270658  1240
EUTELSAT 70B            
1 39020U 12069A   13082.93865697 -.00000054  00000-0  00000+0 0  1529
2 39020   0.0585 262.0535 0002531  91.3382 236.5951  1.00272285  1148
YAMAL 402               
1 39022U 12070A   13082.79888330  .00000075  00000-0  10000-3 0   869
2 39022   0.0321 294.5352 0001647 103.6204 125.7405  1.00272107  1137
SKYNET 5D               
1 39034U 12075A   13082.17876809  .00000020  00000-0  00000+0 0   840
2 39034   0.0762 201.1559 0000102 190.8981 265.0113  1.00697147  1046
MEXSAT 3                
1 39035U 12075B   13082.39398631 -.00000037  00000-0  10000-3 0   751
2 39035   0.0053 174.1167 0003473 237.5680 156.3763  1.00273194  1004
TDRS 11                 
1 39070U 13004A   13082.83273459  .00000108  00000-0  00000+0 0   610
2 39070   6.9807 331.6971 0010101 250.8200 109.0117  1.00267282   570
AMAZONAS 3              
1 39078U 13006A   13082.40898628 -.00000283  00000-0  00000+0 0   518
2 39078   0.0245 283.6545 0001274  50.1550 286.9767  1.00273840   496
AZERSPACE 1             
1 39079U 13006B   13082.36957880  .00000122  00000-0  00000+0 0   487
2 39079   0.0079  88.6730 0001623 298.2659 333.0696  1.00274554   492
