STARLETTE               
1 07646U 75010A   13082.84080632 -.00000159  00000-0 -13879-4 0  1969
2 07646  49.8234 101.5900 0205818 296.7892 118.1259 13.82284200925966
LAGEOS 1                
1 08820U 76039A   13081.71764976  .00000012  00000-0  00000+0 0  4350
2 08820 109.8573 323.2827 0044767 257.7197 292.6314  6.38664847604814
AJISAI (EGS)            
1 16908U 86061A   13082.20407811 -.00000128  00000-0 -21299-3 0   802
2 16908  50.0080 251.2297 0011541 116.5886 291.9035 12.44472511878816
LAGEOS 2                
1 22195U 92070B   13083.14574271 -.00000009  00000-0  00000+0 0  6652
2 22195  52.6527  81.2094 0137213 234.3817 268.2879  6.47294275482740
STELLA                  
1 22824U 93061B   13082.53513069 -.00000040  00000-0  16636-5 0  4305
2 22824  98.6341  22.7924 0005729 226.3384 241.6538 14.27316282 15379
WESTPAC                 
1 25398U 98043E   13082.98530007 -.00000035  00000-0  26989-5 0  6598
2 25398  98.4150  53.0216 0002262 131.8271 299.2014 14.22729265763630
GRACE-1                 
1 27391U 02012A   13082.82345465  .00003517  00000-0  80695-4 0  3451
2 27391  89.0271 178.1749 0015559 130.4668  17.4308 15.42273298616561
GRACE-2                 
1 27392U 02012B   13082.15518194  .00004706  00000-0  10821-3 0  3464
2 27392  89.0269 178.2928 0016279 134.6261 267.0167 15.42270307616467
GOCE                    
1 34602U 09013A   13082.84389196  .00001111  19129-5  14678-5 0  5156
2 34602  96.5742 111.2573 0007669 115.0148 353.5718 16.13382772235460
LARES                   
1 38077U 12006A   13083.06305718 -.00000022  00000-0  10000-3 0  1136
2 38077  69.4892 267.6703 0011112 280.5033  79.4741 12.54930083 50780
