COSMOS 2413 (712)       
1 28509U 04053B   13083.07581150  .00000016  00000-0  10000-3 0  2936
2 28509  63.2482 232.2518 0005805 140.3656   2.2799  2.13100563 64131
COSMOS 2419 (714)       
1 28915U 05050A   13083.12926284  .00000083  00000-0  00000+0 0   490
2 28915  64.9412 117.9966 0016794 342.7484 184.1060  2.13103831 56385
COSMOS 2425 (716)       
1 29670U 06062A   13083.11954078 -.00000057  00000-0  10000-3 0  7555
2 29670  65.8945 356.7183 0023600 346.7387 247.1671  2.13105179 48587
COSMOS 2426 (717)       
1 29671U 06062B   13082.91703228 -.00000058  00000-0  10000-3 0  7722
2 29671  65.9104 356.7806 0015340 166.2815 141.7214  2.13103175 48587
COSMOS 2424 (715)       
1 29672U 06062C   13082.10755935 -.00000062  00000-0  10000-3 0  7743
2 29672  65.8963 356.7578 0014912 165.5970  61.1546  2.13102924 48566
COSMOS 2433 (720)       
1 32275U 07052A   13083.14492584  .00000083  00000-0  10000-3 0  5019
2 32275  64.9552 117.7456 0004368 267.4835 178.5629  2.13096530 42103
COSMOS 2432 (719)       
1 32276U 07052B   13083.14046600  .00000083  00000-0  10000-3 0  4855
2 32276  64.9676 117.7914 0013869 331.8238  65.5720  2.13098066 42102
COSMOS 2434 (721)       
1 32393U 07065A   13083.15042771 -.00000057  00000-0  00000+0 0  3413
2 32393  65.5192 356.5979 0003261  91.3594 258.5396  2.13102725 40800
COSMOS 2435 (722)       
1 32394U 07065B   13082.10755935 -.00000063  00000-0  10000-3 0  2478
2 32394  65.5228 356.6276 0021382 358.7522 227.4947  2.13103813 40724
COSMOS 2436 (723)       
1 32395U 07065C   13082.36963966 -.00000061  00000-0  10000-3 0  2526
2 32395  65.5314 356.6477 0018727 353.2560 209.4037  2.13102972 40720
COSMOS 2442 (724)       
1 33378U 08046A   13082.44772542  .00000078  00000-0  10000-3 0  2836
2 33378  64.8702 117.2540 0025175 328.7584 353.0981  2.13103763 34945
COSMOS 2443 (725)       
1 33379U 08046B   13082.69094991  .00000080  00000-0  10000-3 0  2685
2 33379  64.8786 117.2956 0019771 190.5156 182.2151  2.13101715 34962
COSMOS 2444 (726)       
1 33380U 08046C   13082.72724147  .00000080  00000-0  10000-3 0  2730
2 33380  64.8869 117.3174 0025151 322.7185  35.5389  2.13107030 34946
COSMOS 2447 (727)       
1 33466U 08067A   13082.10346563  .00000026  00000-0  00000+0 0  2142
2 33466  64.0868 236.5005 0002705 269.4680  70.9942  2.13101144 32997
COSMOS 2449 (729)       
1 33467U 08067B   13082.18664686  .00000026  00000-0  10000-3 0  2145
2 33467  64.0755 236.4655 0002085 311.9928 228.0418  2.13101929 33022
COSMOS 2448 (728)       
1 33468U 08067C   13083.15253671  .00000022  00000-0  10000-3 0  2092
2 33468  64.0791 236.4397 0003993 335.2533 133.5418  2.13101487 33036
COSMOS 2456 (730)       
1 36111U 09070A   13083.06278256  .00000023  00000-0  00000+0 0  9566
2 36111  64.3148 236.6735 0004575 345.6184 101.1335  2.13101865 25473
COSMOS 2457 (733)       
1 36112U 09070B   13082.96389831  .00000023  00000-0  00000+0 0  9398
2 36112  64.2965 236.6304 0007165 141.7814   3.8148  2.13101542 25477
COSMOS 2458 (734)       
1 36113U 09070C   13082.89994308  .00000023  00000-0  10000-3 0  9454
2 36113  64.3026 236.6299 0003133  51.6597  90.5775  2.13101966 25477
COSMOS 2459 (731)       
1 36400U 10007A   13082.45693544  .00000078  00000-0  10000-3 0  8780
2 36400  64.8555 117.0752 0031165 349.7770 159.6550  2.13102569 23818
COSMOS 2461 (735)       
1 36401U 10007B   13082.11879183  .00000075  00000-0  10000-3 0  8809
2 36401  64.8480 117.0783 0003118  81.3882  78.9700  2.13102607 23802
COSMOS 2460 (732)       
1 36402U 10007C   13082.05568263  .00000074  00000-0  10000-3 0  8862
2 36402  64.8383 117.0720 0002184 255.4947 260.0903  2.13102243 23809
COSMOS 2466 (738)       
1 37137U 10041A   13083.07922122 -.00000059  00000-0  10000-3 0  7545
2 37137  65.0993 357.3168 0019531 152.2091   7.1155  2.13102477 19902
COSMOS 2465 (737)       
1 37138U 10041B   13083.08678869 -.00000059  00000-0  00000+0 0  7582
2 37138  65.1149 357.3667 0033352 167.5211 178.6958  2.13102845 19893
COSMOS 2464 (736)       
1 37139U 10041C   13082.30173882 -.00000063  00000-0  00000+0 0  7431
2 37139  65.1172 357.3824 0022411  11.8403 226.6936  2.13102903 19887
COSMOS 2471 (701K)      
1 37372U 11009A   13082.69578006  .00000080  00000-0  10000-3 0  6177
2 37372  64.8493 116.9860 0007084 244.6958 152.9914  2.13107402 16105
COSMOS 2474 (742)       
1 37829U 11055A   13082.10997561  .00000028  00000-0  00000+0 0  4447
2 37829  64.6361 236.6307 0005758 270.5748  30.6116  2.13101870 11442
COSMOS 2476 (744)       
1 37867U 11064A   13083.06654461  .00000024  00000-0  00000+0 0  4136
2 37867  64.6169 236.7106 0014220 260.9873  99.2845  2.13102035 10829
COSMOS 2477 (745)       
1 37868U 11064B   13083.03105367  .00000024  00000-0  00000+0 0  4129
2 37868  64.6235 236.7396 0012365 262.5816 250.4183  2.13101869 10772
COSMOS 2475 (743)       
1 37869U 11064C   13082.88263668  .00000024  00000-0  00000+0 0  4075
2 37869  64.6319 236.7221 0020710 289.4671  64.9465  2.13102027 10771
COSMOS 2478 (746)       
1 37938U 11071A   13083.12718360  .00000083  00000-0  00000+0 0  3953
2 37938  64.8680 117.1626 0014419 245.0955 282.4084  2.13102600 10393
