GOES 1 [-]              
1 08366U 75100A   13082.50228619 -.00000005  00000-0  00000+0 0  3363
2 08366  13.7862 335.5551 0002972 106.1675 158.6892  1.00239233136737
GOES 2 [-]              
1 10061U 77048A   13081.76387217  .00000022  00000-0  10000-3 0  5510
2 10061  14.5855 344.0980 0011583 289.2180  70.6508  0.99394321 75462
GOES 3 [P]              
1 10953U 78062A   13078.77095246 -.00000104  00000-0  10000-3 0  1431
2 10953  14.5289 347.7228 0006096  79.5182 280.5492  1.00279339 80423
GOES 4 [-]              
1 11964U 80074A   13081.32678209  .00000070  00000-0  10000-3 0  7674
2 11964  15.1013 351.3577 0033018 338.5735  21.2924  0.99227632 79662
GOES 5 [-]              
1 12472U 81049A   13081.89680037  .00000085  00000-0  10000-3 0  6345
2 12472  14.6767   1.5178 0003173  92.4967 267.5387  1.00262467 74492
GOES 6 [-]              
1 14050U 83041A   13082.42454855  .00000036  00000-0  00000+0 0  6464
2 14050  14.6127   6.3846 0006294  68.5940 129.7784  1.00240755167593
GOES 7 [-]              
1 17561U 87022A   13081.28816471 -.00000239  00000-0  10000-3 0  8593
2 17561  14.2316  22.6768 0004771 347.8561  12.1339  0.99892959 78681
GOES 8 [-]              
1 23051U 94022A   13081.51733538  .00000044  00000-0  10000-3 0  4993
2 23051   8.8943  55.6307 0003288 242.8378 117.2132  0.98903641 76310
GOES 9 [P]              
1 23581U 95025A   13081.23163586 -.00000270  00000-0  10000-3 0  7843
2 23581   8.4277  54.1554 0007448   4.8416 355.2520  0.98802913 65002
GOES 10 [-]             
1 24786U 97019A   13082.07115961  .00000027  00000-0  10000-3 0  7112
2 24786   6.6727  57.5937 0024944 108.2897 252.1178  0.99123379 58159
GOES 11 [+]             
1 26352U 00022A   13081.84999568 -.00000245  00000-0  00000+0 0  1378
2 26352   1.7420 103.6246 0003706 349.1302  11.6273  0.99045161 47134
GOES 12 [B]             
1 26871U 01031A   13082.26583773 -.00000294  00000-0  00000+0 0  9809
2 26871   2.8694  70.1912 0004148 345.9470 160.8314  1.00265020 42795
GOES 13 [+]             
1 29155U 06018A   13082.28482965 -.00000261  00000-0  10000-3 0  4747
2 29155   0.3794 261.7684 0002410 148.5599 157.9008  1.00281392 25046
GOES 14 [S]             
1 35491U 09033A   13082.35711575 -.00000097  00000-0  00000+0 0  8855
2 35491   0.0612  85.8053 0002704 132.8737 345.3433  1.00271217 13714
GOES 15 [S]             
1 36411U 10008A   13082.42975061  .00000077  00000-0  10000-3 0  4951
2 36411   0.0067 162.4982 0001320 112.4239 285.5817  1.00278183 11211
