GORIZONT 25             
1 21922U 92017A   13081.99891241  .00000095  00000-0  10000-3 0  7548
2 21922  13.8372  27.5738 0028336 348.6276  11.3126  0.99850980 76670
GORIZONT 26             
1 22041U 92043A   13082.47318932  .00000041  00000-0  10000-3 0  3823
2 22041  13.7662  29.0306 0030446 135.5451 224.7064  0.99242095 75521
GORIZONT 27             
1 22245U 92082A   13081.72087167 -.00000078  00000-0  00000+0 0  8801
2 22245  13.6831  29.6390 0010510 276.6734 209.1170  1.00137119 78716
GORIZONT 28             
1 22880U 93069A   13081.61357650 -.00000175  00000-0  10000-3 0  7663
2 22880  13.3366  32.8814 0035608  37.5875 322.6749  0.99657708 70963
GORIZONT 29             
1 22907U 93072A   13082.04350632  .00000096  00000-0  10000-3 0   886
2 22907  13.3011  32.7849 0009254 246.6830 113.2361  1.00148625 70790
GORIZONT 30             
1 23108U 94030A   13080.24430082 -.00000361  00000-0  10000-3 0  8922
2 23108  13.1776  33.8766 0002624  70.9222 289.1176  1.00209672 69006
GORIZONT 31             
1 23775U 96005A   13078.78824451 -.00000274  00000-0  10000-3 0  3893
2 23775  12.3168  39.3475 0020282 100.8161 259.4271  0.99890064 62732
GORIZONT 32             
1 23880U 96034A   13082.51501882 -.00000198  00000-0  10000-3 0  2263
2 23880  12.1963  40.1152 0007391 253.2575 347.4585  1.00147180 61619
GORIZONT 33             
1 26372U 00029A   13082.42408391 -.00000005  00000-0  00000+0 0   509
2 26372   9.6681  48.9447 0004389   9.8642 152.3809  1.00383156 46950
