INTELSAT 602 (IS-602)   
1 20315U 89087A   13082.15994549 -.00000222  00000-0  10000-3 0  6610
2 20315   9.9569  48.9626 0005721  35.7579 324.3377  0.99009413 83484
INTELSAT 603 (IS-603)   
1 20523U 90021A   13082.37782306 -.00000224  00000-0  10000-3 0  2473
2 20523   9.4254  50.6793 0001620 347.1448 252.6861  1.00124406 77257
SBS-6                   
1 20872U 90091A   13080.99370444  .00000047  00000-0  10000-3 0  6633
2 20872   5.0033  63.9043 0010462   1.3666 358.8377  0.98990129 70388
INTELSAT 605 (IS-605)   
1 21653U 91055A   13082.60346293 -.00000044  00000-0  10000-3 0  3935
2 21653   7.5830  56.5846 0001863 352.0083   8.0981  0.99326831 78962
INTELSAT 601 (IS-601)   
1 21765U 91075A   13082.04952579  .00000099  00000-0  10000-3 0  4906
2 21765   7.5533  55.4745 0002992 288.9171  71.1579  0.99589296 78174
INTELSAT 701 (IS-701)   
1 22871U 93066A   13082.43188365  .00000054  00000-0  00000+0 0  1121
2 22871   1.1080  76.7726 0006790 302.7489 134.6068  1.00460981 70994
INTELSAT 702 (IS-702)   
1 23124U 94034A   13082.82833611  .00000145  00000-0  00000+0 0  9122
2 23124   1.4579  75.6608 0003316 315.7147 121.2842  1.00271165 82916
INTELSAT 2 (IS-2)       
1 23175U 94040A   13082.76813497 -.00000256  00000-0  00000+0 0  2620
2 23175   3.7557  70.2322 0008952 309.7218  50.5271  0.99196161 67743
INTELSAT 704 (IS-704)   
1 23461U 95001A   13081.74892841 -.00000250  00000-0  10000-3 0  6086
2 23461   3.3619  67.6309 0005441 347.8526  12.4833  0.99183829 66530
INTELSAT 705 (IS-705)   
1 23528U 95013A   13080.98174880  .00000022  00000-0  00000+0 0  5668
2 23528   2.9360  68.9132 0020928 344.0828  16.2363  0.98971460 65759
INTELSAT 706 (IS-706)   
1 23571U 95023A   13081.78231203 -.00000149  00000-0  00000+0 0  7358
2 23571   1.3885  75.4470 0003566 306.0872 237.5336  1.00271017 65355
INTELSAT 3R (IS-3R)     
1 23764U 96002A   13082.28316496 -.00000299  00000-0  10000-3 0  3935
2 23764   3.1168  67.9779 0008054 173.3669 187.0324  0.99090067 62902
PAKSAT 1 (ANATOLIA 1)   
1 23779U 96006A   13082.58301774  .00000118  00000-0  10000-3 0  9284
2 23779   1.1503  77.2503 0006661  15.6189 345.5789  0.99589730 62697
INTELSAT 707 (IS-707)   
1 23816U 96015A   13080.88924765 -.00000030  00000-0  10000-3 0  5840
2 23816   0.3425  76.5625 0070094 245.1507  37.7803  0.98480860 62347
GALAXY 9 (G-9)          
1 23877U 96033A   13082.39736946 -.00000185  00000-0  10000-3 0  7008
2 23877   4.0182  65.7930 0010170  24.7365 335.6011  0.99537582 61587
INTELSAT 709 (IS-709)   
1 23915U 96035A   13080.91592327  .00000030  00000-0  10000-3 0  7358
2 23915   0.8115  77.2967 0004711 148.2593 134.3936  0.99180621 61439
INTELSAT 26 (IS-26)     
1 24732U 97007A   13082.81752104  .00000104  00000-0  00000+0 0  3700
2 24732   4.6993  63.5139 0003848 323.5667 138.9459  1.00270520 58866
INTELSAT 801 (IS-801)   
1 24742U 97009A   13082.38053307 -.00000223  00000-0  00000+0 0  2863
2 24742   3.9274  66.1265 0004805 314.5960 267.8057  1.00272069 58866
GALAXY 25 (G-25)        
1 24812U 97026A   13082.46661714 -.00000174  00000-0  00000+0 0  5976
2 24812   0.0131  94.5913 0003894 288.9582 232.4398  1.00270693 57990
INTELSAT 802 (IS-802)   
1 24846U 97031A   13081.28685380 -.00000204  00000-0  10000-3 0  5466
2 24846   1.9353  71.5794 0024657 184.1277 176.4840  0.98110744 57505
INTELSAT 5 (IS-5)       
1 24916U 97046A   13082.87307081 -.00000258  00000-0  10000-3 0  5060
2 24916   0.4056  79.5633 0003964 290.1871 222.4445  1.00099163 57163
INTELSAT 805 (IS-805)   
1 25371U 98037A   13082.46534904 -.00000297  00000-0  10000-3 0   932
2 25371   0.0165 116.8371 0003699 242.9270 293.3787  1.00272362 54092
INTELSAT 7 (IS-7)       
1 25473U 98052A   13082.89490230 -.00000037  00000-0  10000-3 0  5816
2 25473   0.0093 260.3082 0003223  99.8411 212.1947  1.00273579 53185
INTELSAT 8 (IS-8)       
1 25522U 98065A   13082.67190933 -.00000042  00000-0  00000+0 0  3592
2 25522   0.0052 175.8210 0003325 203.7336 212.6366  1.00272365 52757
GALAXY 26 (G-26)        
1 25626U 99005A   13082.11092024  .00000103  00000-0  00000+0 0  1587
2 25626   0.0333 268.4758 0003283 106.9350 255.2695  1.00271042 51661
INSAT-2E (APR-1)        
1 25666U 99016A   13081.88336770 -.00000228  00000-0  10000-3 0  3110
2 25666   2.2926  71.6041 0004096 132.4220 228.1535  0.99654851 51256
GALAXY 27 (G-27)        
1 25922U 99052A   13081.09637922  .00000124  00000-0  10000-3 0  1999
2 25922   0.0578  70.4412 0002563 304.3792 244.7215  1.00274258 49405
GALAXY 11 (G-11)        
1 26038U 99071A   13081.37274031 -.00000298  00000-0  10000-3 0  5614
2 26038   0.0211 326.1597 0000615   5.2429 287.1370  1.00270925 48626
GALAXY 4R (G-4R)        
1 26298U 00020A   13081.18559668 -.00000087  00000-0  10000-3 0  3174
2 26298   5.8508  60.4626 0002656  27.0955 333.0802  0.99844401 47397
INTELSAT 9 (IS-9)       
1 26451U 00043A   13081.24438330 -.00000281  00000-0  10000-3 0  9935
2 26451   0.3873  80.4578 0002218 309.7694 194.5240  1.00270194 46362
INTELSAT 12 (IS-12)     
1 26590U 00068A   13081.82648234  .00000125  00000-0  10000-3 0  9932
2 26590   0.0095  14.3911 0003123 352.0323 156.5836  1.00274468 45436
INTELSAT 1R (IS-1R)     
1 26608U 00072A   13082.32058812 -.00000293  00000-0  00000+0 0  6311
2 26608   0.0396  33.3751 0000503 315.8605 257.1906  1.00283142 45280
INTELSAT 10 (IS-10)     
1 26766U 01019A   13082.75874969  .00000115  00000-0  10000-3 0  2137
2 26766   0.0095 164.0314 0002447 198.0977 139.9248  1.00274846 43465
INTELSAT 901 (IS-901)   
1 26824U 01024A   13082.26964674 -.00000152  00000-0  00000+0 0   356
2 26824   0.0252  53.2937 0003381 329.3523 237.3392  1.00271578 43203
INTELSAT 902 (IS-902)   
1 26900U 01039A   13082.77766479  .00000022  00000-0  00000+0 0   777
2 26900   0.0301  34.9583 0003280 347.0477 141.3684  1.00272180 42385
INTELSAT 904 (IS-904)   
1 27380U 02007A   13082.04467145  .00000037  00000-0  00000+0 0  1074
2 27380   0.0237  44.5456 0003450 337.6430 234.5812  1.00272705 40621
INTELSAT 903 (IS-903)   
1 27403U 02016A   13082.32518729 -.00000250  00000-0  00000+0 0  8127
2 27403   0.0250  67.0840 0003215 322.1311 234.3186  1.00271817 40282
INTELSAT 905 (IS-905)   
1 27438U 02027A   13082.19094709 -.00000196  00000-0  00000+0 0  6474
2 27438   0.0311 229.4541 0002721 133.9862 221.6275  1.00270530 39603
GALAXY 3C (G-3C)        
1 27445U 02030A   13082.34958501 -.00000163  00000-0  10000-3 0  7573
2 27445   0.0352  18.0894 0000489 218.1585 335.5449  1.00272205 39481
INTELSAT 906 (IS-906)   
1 27513U 02041A   13082.76800116  .00000004  00000-0  00000+0 0  8507
2 27513   0.0382  48.9068 0003299 343.3148 129.8047  1.00271542 38663
INTELSAT 907 (IS-907)   
1 27683U 03007A   13082.15501808 -.00000214  00000-0  00000+0 0  4103
2 27683   0.0260  40.8360 0003501 337.1022 191.1709  1.00270910 37013
GALAXY 12 (G-12)        
1 27715U 03013B   13082.42473525  .00000047  00000-0  10000-3 0  6841
2 27715   0.0349 326.8385 0001800  24.3209 213.8071  1.00273842 36530
GALAXY 23 (G-23)        
1 27854U 03034A   13081.92973500  .00000001  00000-0  00000+0 0  6867
2 27854   0.0262 244.5000 0003235 136.3166  13.4612  1.00273044 35299
GALAXY 13 (HORIZONS-1)  
1 27954U 03044A   13082.65335270  .00000037  00000-0  00000+0 0  5482
2 27954   0.0061 109.7842 0002868 329.8320 209.8626  1.00274227 34777
INTELSAT 10-02          
1 28358U 04022A   13082.09110774 -.00000022  00000-0  10000-3 0  4946
2 28358   0.0151 157.5848 0000790 147.4127 267.5728  1.00273338 32150
GALAXY 28 (G-28)        
1 28702U 05022A   13082.37625330 -.00000199  00000-0  00000+0 0  4568
2 28702   0.0304  69.0188 0001595  49.4754 108.9729  1.00286451 28422
GALAXY 14 (G-14)        
1 28790U 05030A   13082.42062123  .00000025  00000-0  10000-3 0  4950
2 28790   0.0258 313.3786 0002258  36.0125 218.0874  1.00272665 27837
GALAXY 15 (G-15)        
1 28884U 05041A   13082.42800272  .00000067  00000-0  00000+0 0  4772
2 28884   0.0321  25.9221 0001343   0.0530 176.1779  1.00272551 27255
GALAXY 16 (G-16)        
1 29236U 06023A   13082.48031126 -.00000138  00000-0  10000-3 0  4174
2 29236   0.0117 227.7036 0002702 121.6687 265.6369  1.00271705 24794
GALAXY 17 (G-17)        
1 31307U 07016B   13082.29647409 -.00000186  00000-0  00000+0 0  1181
2 31307   0.0102 165.3109 0004914 185.7547 205.6272  1.00272810 21603
INTELSAT 11 (IS-11)     
1 32253U 07044B   13080.92950720 -.00000281  00000-0  10000-3 0  8250
2 32253   0.0125 148.0118 0002967 211.8747 111.3068  1.00270619 20044
HORIZONS-2              
1 32388U 07063B   13082.05242462 -.00000194  00000-0  10000-3 0  9550
2 32388   0.0330 338.7937 0002842  19.0902 286.5166  1.00272028 19409
GALAXY 18 (G-18)        
1 32951U 08024A   13082.42065219  .00000014  00000-0  00000+0 0  7810
2 32951   0.0230 124.9362 0003176 254.2555 190.3019  1.00272212 17748
INTELSAT 25 (IS-25)     
1 33153U 08034A   13081.24854475 -.00000237  00000-0  00000+0 0  8195
2 33153   0.0300  28.3359 0001829 330.4927 239.0383  1.00270016 17269
INTELSAT 14 (IS-14)     
1 36097U 09064A   13081.44967745 -.00000286  00000-0  00000+0 0  5197
2 36097   0.0119  91.6054 0002168 280.3425 285.0474  1.00271012 12236
INTELSAT 15 (IS-15)     
1 36106U 09067A   13082.88246558 -.00000196  00000-0  10000-3 0  7357
2 36106   0.0441 336.9383 0002350  20.7776 226.6410  1.00272328 12134
INTELSAT 16 (IS-16)     
1 36397U 10006A   13081.37268696 -.00000297  00000-0  10000-3 0  6311
2 36397   0.0432  49.0804 0002539 293.9644 273.0312  1.00271052 11367
INTELSAT 17 (IS-17)     
1 37238U 10065B   13082.76841731 -.00000013  00000-0  00000+0 0  4322
2 37238   0.0307  81.1987 0003273 301.6169 141.2085  1.00271133  8568
INTELSAT NEW DAWN       
1 37392U 11016A   13081.09609718  .00000143  00000-0  10000-3 0  4094
2 37392   0.0088 124.4015 0000763 266.7459 216.0069  1.00275764  7052
INTELSAT 18 (IS-18)     
1 37834U 11056A   13082.80034455  .00000041  00000-0  00000+0 0  3045
2 37834   0.0394  66.4911 0002574 318.7906 264.2660  1.00269745  5490
INTELSAT 22 (IS-22)     
1 38098U 12011A   13082.96745355 -.00000070  00000-0  00000+0 0  1989
2 38098   0.0307  38.5345 0002001 334.3200 229.1237  1.00272046  3681
INTELSAT 19 (IS-19)     
1 38356U 12030A   13082.78600310 -.00000067  00000-0  10000-3 0  1978
2 38356   0.0446  18.6061 0002359 342.3762 269.4071  1.00273365  3075
INTELSAT 20 (IS-20)     
1 38740U 12043A   13082.89490038 -.00000036  00000-0  10000-3 0  1814
2 38740   0.0468  83.8598 0001570 230.1697 258.1916  1.00273489  2361
INTELSAT 21 (IS-21)     
1 38749U 12045A   13082.26856719 -.00000296  00000-0  10000-3 0  1467
2 38749   0.0020 222.1144 0002513 178.7337 178.7206  1.00270464  2229
INTELSAT 23 (IS-23)     
1 38867U 12057A   13081.37280130 -.00000297  00000-0  10000-3 0   910
2 38867   0.0244  20.6026 0003106  15.0031 225.6147  1.00271212  1633
