RADCAL                  
1 22698U 93041A   13083.12374708  .00000104  00000-0  38395-4 0  4825
2 22698  89.5365 315.5639 0091295 143.3301   3.5112 14.23018138 24928
STRV 1A                 
1 23125U 94034B   13082.58903069  .00006967  00000-0  10621-2 0  1450
2 23125   7.3249  40.8199 6770814   0.2158 359.8225  2.95916779179376
STRV 1B                 
1 23126U 94034C   13082.94874532  .00002546  00000-0  56988-3 0  1538
2 23126   7.4466 324.9381 6691150 153.1815  35.6325  3.05392234182551
REX 2                   
1 23814U 96014A   13083.17744868  .00000064  00000-0  22736-4 0  8159
2 23814  90.1370 296.1414 0024526 128.7148 347.8866 14.24094900885351
COSMOS 2346             
1 24953U 97052A   13083.15990813  .00000073  00000-0  55525-4 0  7069
2 24953  82.9266   5.7851 0038943 224.2034 247.8037 13.79491319780326
ARGOS                   
1 25634U 99008A   13082.26272404  .00000047  00000-0  43867-4 0  8348
2 25634  98.8156 148.4348 0009515 342.3249  47.6192 14.19062372729055
HELIOS 1B               
1 25977U 99064A   13083.15244924  .00000677  00000-0  98966-4 0  9019
2 25977  98.2146 146.9961 0001203 176.4880 236.1086 14.79045899715193
MTI                     
1 26102U 00014A   13082.97126494  .00004872  00000-0  23604-3 0  8428
2 26102  97.3904 212.8202 0017672  18.4752 104.3320 15.18866227717556
STRV 1C                 
1 26610U 00072C   13081.25753395 -.00000329  00000-0  10000-3 0  4765
2 26610   5.9729 184.6010 7345233 248.6042  23.4171  2.03473560 91808
MIDSTAR-1               
1 30773U 07006B   13082.50012442  .00000368  00000-0  23583-4 0  7243
2 30773  46.0706 210.6706 0006469  82.8071   3.3302 15.29662449336762
CFESAT                  
1 30777U 07006F   13082.17967767  .00003438  00000-0  21392-3 0  5906
2 30777  35.4310  20.4206 0004962 257.2596 236.2199 15.09275722332294
NFIRE                   
1 31140U 07014A   13083.15755509  .00008711  00000-0  16830-3 0   587
2 31140  48.2195  76.2436 0006124  56.5567 356.2007 15.48467205335832
SPIRALE A               
1 33751U 09008C   13081.64484960  .00115893  63501-6  19636-2 0  1784
2 33751   2.0533 252.7388 5941161 261.8148  30.3160  4.22655732 40492
SPIRALE B               
1 33752U 09008D   13082.40854874  .00018139  00000-0  27819-2 0   320
2 33752   2.0729  29.1795 7158440 336.7686   2.7207  2.45030710 34808
