TRANSIT 16              
1 02807U 67048A   13082.85534325  .00000121  00000-0  17425-3 0  9065
2 02807  89.6792 158.8258 0019660 219.4013 242.6266 13.49892112256190
TRANSIT 17              
1 02965U 67092A   13081.81612454  .00000080  00000-0  10245-3 0  1254
2 02965  89.2554  17.6407 0049304  45.7008  34.2147 13.52611264242927
TRANSIT 18              
1 03133U 68012A   13082.20105698  .00000085  00000-0  11626-3 0  3976
2 03133  89.9525 282.0481 0073080 307.1812 175.4645 13.50713810218153
NNSS 19                 
1 04507U 70067A   13082.19381449  .00000115  00000-0  14785-3 0   883
2 04507  89.8229 290.0531 0174383  67.6216  35.2384 13.50345878 95227
NNSS O-20               
1 06909U 73081A   13083.17897679  .00000129  00000-0  12589-3 0  5673
2 06909  89.8595 338.0952 0156456 313.1327 194.5285 13.70031444167439
TRANSAT                 
1 10457U 77106A   13082.44771389  .00000055  00000-0  73086-4 0  5214
2 10457  89.7460 208.8410 0023968 266.2238 161.5650 13.48385701741289
NOVA I                  
1 12458U 81044A   13082.51404478  .00000051  00000-0  10057-3 0  8524
2 12458  90.0164 123.2756 0012674 320.0026 192.6109 13.22807365537652
NOVA 3                  
1 15362U 84110A   13081.86617318  .00000024  00000-0  35923-4 0  5789
2 15362  90.0150  50.4786 0032410 173.7699 241.8007 13.22583339372807
OSCAR 30                
1 15935U 85066A   13082.90194926  .00000047  00000-0  70648-4 0  1590
2 15935  90.0998  32.9534 0167774 227.7470 189.6857 13.35403918344290
OSCAR 24                
1 15936U 85066B   13082.45307539  .00000050  00000-0  76364-4 0  8162
2 15936  90.0887  28.5627 0168334 232.6521 252.2888 13.35293105346341
POLAR BEAR              
1 17070U 86088A   13082.86138749  .00000068  00000-0  59457-4 0  9779
2 17070  89.5349  41.5290 0041064  86.8151 331.2515 13.74497579321596
OSCAR 27                
1 18361U 87080A   13082.63575428  .00000061  00000-0  88485-4 0  1240
2 18361  90.3560 281.8511 0105046 204.8932 185.7339 13.44219494251391
OSCAR 29                
1 18362U 87080B   13081.51462612  .00000080  00000-0  12047-3 0  3824
2 18362  90.3567 281.9928 0106112 221.6946 194.3318 13.43832672250962
OSCAR 23                
1 19070U 88033A   13082.41521669  .00000006  00000-0 -81720-5 0  6129
2 19070  90.3116 222.2485 0191368 139.0807 281.6766 13.27232521206248
OSCAR 32                
1 19071U 88033B   13081.84363535  .00000054  00000-0  89563-4 0  9578
2 19071  90.3113 222.3144 0189963 131.4790  32.3102 13.27426746206355
NOVA 11                 
1 19223U 88052A   13083.07988197  .00000030  00000-0  50218-4 0  1281
2 19223  89.9801  91.2528 0029931 212.8880 208.4699 13.22511937195494
OSCAR 25                
1 19419U 88074A   13081.40988207  .00000059  00000-0  86529-4 0  3680
2 19419  89.9638  23.0919 0096791 178.9907 330.2443 13.41952429203123
OSCAR 31                
1 19420U 88074B   13082.93129853  .00000061  00000-0  88585-4 0   432
2 19420  89.9640  23.0430 0095279 169.0581 220.8567 13.41986064203432
