SIRIUS-1                
1 26390U 00035A   13081.91561846  .00000031  00000-0  00000+0 0  1491
2 26390  60.3375 244.0602 2678341 269.8093 260.2211  1.00273401 46622
SIRIUS-2                
1 26483U 00051A   13082.46635189  .00000107  00000-0  00000+0 0  7866
2 26483  64.0406 124.0297 2672571 270.7608 217.1959  1.00277594 45963
SIRIUS-3                
1 26626U 00077A   13082.79634278 -.00000118  00000-0  00000+0 0   885
2 26626  64.3874   3.9433 2691574 269.2225  99.9968  1.00282470 45104
XM-2 (ROCK)             
1 26724U 01012A   13082.43699101 -.00000034  00000-0  10000-3 0  4731
2 26724   0.1033 298.8187 0003921  14.5986 269.7032  1.00272867 44089
XM-1 (ROLL)             
1 26761U 01018A   13082.43699164 -.00000034  00000-0  10000-3 0  3118
2 26761   0.1151 266.3879 0003228 324.9768 351.7670  1.00272356 43559
XM-3 (RHYTHM)           
1 28626U 05008A   13082.35408940 -.00000217  00000-0  10000-3 0  3454
2 28626   0.0278  10.4881 0000326 289.2490 283.6161  1.00271884 29593
XM-4 (BLUES)            
1 29520U 06049A   13081.40000000 -.00000035  00000-0  10000-3 0   156
2 29520   0.0060  58.1220 0000130  48.2050 102.4570  1.00272010 23521
