CALSPHERE 1             
1 00900U 64063C   13082.16054592  .00000205  00000-0  21662-3 0  9520
2 00900  90.1463 348.5341 0029954  77.2232 283.2276 13.71445741407844
CALSPHERE 2             
1 00902U 64063E   13081.17500534  .00000060  00000-0  77866-4 0  7967
2 00902  90.1499 350.9963 0017197 215.8302 294.4071 13.52539228203086
LCS 1                   
1 01361U 65034C   13083.30805419  .00000008  00000-0  00000+0 0  4367
2 01361  32.1393 131.8167 0006329 292.5778  67.4010  9.89284163731628
TEMPSAT 1               
1 01512U 65065E   13082.04616344  .00000023  00000-0  24859-4 0  8540
2 01512  89.7810 272.6159 0071503 140.4654   5.9751 13.33318056315825
CALSPHERE 4(A)          
1 01520U 65065H   13081.79941869  .00000095  00000-0  16743-3 0   300
2 01520  90.1360 105.6848 0071190  55.1577  31.6492 13.35488442317704
OPS 5712 (P/L 160)      
1 02826U 67053A   13083.15136356  .00001442  00000-0  46164-3 0  8572
2 02826  69.9322 238.4587 0004299  25.7383 334.3959 14.41551319365295
OPS 5712 (P/L 153)      
1 02874U 67053H   13082.81161698 -.00000003  00000-0  36817-4 0  3588
2 02874  69.9766  27.5406 0008676 329.0364  84.8182 13.96068381332525
SURCAL 150B             
1 02909U 67053J   13082.50944819  .00001574  00000-0  41426-3 0   599
2 02909  69.9561  13.7700 0005232 213.6168 196.5329 14.50870494372060
RIGIDSPHERE 2 (LCS 4)   
1 05398U 71067E   13082.18396828  .00000329  00000-0  11365-3 0  7435
2 05398  87.6233 232.0406 0063568 340.7996 127.0438 14.32046837181260
