RADUGA 32               
1 23448U 94087A   13080.40449099 -.00000075  00000-0  10000-3 0  6073
2 23448  12.8845  36.4508 0005472 118.0498 242.0222  1.00281752 84457
RADUGA-1 4              
1 25642U 99010A   13080.51374153  .00000111  00000-0  10000-3 0  6904
2 25642  11.8910  50.0221 0000978 102.1339 257.9175  1.00326558 51499
RADUGA-1 5              
1 26477U 00049A   13082.46522702  .00000034  00000-0  10000-3 0  5640
2 26477   9.5120  50.2567 0003671 356.3072   3.7642  1.00211585 46020
RADUGA-1 7              
1 28194U 04010A   13080.47431003 -.00000109  00000-0  10000-3 0  6872
2 28194   7.0058  63.4214 0003101  13.6315 346.5030  1.00380703 32918
RADUGA-1M 1             
1 32373U 07058A   13081.98191924 -.00000051  00000-0  00000+0 0  5132
2 32373   0.0027 203.0319 0001541 163.2162 237.8622  1.00273011 20253
