LANDSAT 5               
1 14780U 84021A   13083.21386933  .00000126  00000-0  32789-4 0  8480
2 14780  98.1060 148.6771 0001598 173.5203 186.6031 14.64282670545812
SPOT 2                  
1 20436U 90005A   13083.16411215  .00000542  00000-0  99100-4 0  3702
2 20436  98.7148 238.2193 0152059   9.9128 350.4995 14.63443793206651
SCD 1                   
1 22490U 93009B   13082.45482323  .00000388  00000-0  58412-4 0   953
2 22490  24.9697 105.0635 0042648 213.6429 292.5351 14.43834403 61768
ERS-2                   
1 23560U 95021A   13082.44749551  .00002136  00000-0  15362-3 0  6164
2 23560  98.5381 227.0823 0005249 105.7544 298.9926 15.05527217941354
RADARSAT-1              
1 23710U 95059A   13083.06471331  .00000214  00000-0  10000-3 0  4818
2 23710  98.5829  91.5532 0001223  83.9493   7.0457 14.29986847907440
TOMS EP                 
1 23940U 96037A   13082.54199108  .00000431  00000-0  11366-3 0  2074
2 23940  97.9206 264.8415 0029864  52.4083  14.7378 14.53146243889080
MIDORI (ADEOS)          
1 24277U 96046A   13082.38438172  .00000080  00000-0  48807-4 0  1820
2 24277  98.5480  26.5494 0001736 140.7213   5.5371 14.28866344865289
ORBVIEW 2 (SEASTAR)     
1 24883U 97037A   13083.17975715  .00000178  00000-0  81137-4 0  9897
2 24883  98.4413 200.1017 0002231  37.2473  24.3123 14.32600653830489
IRS-1D                  
1 24971U 97057A   13083.16466464  .00000148  00000-0  67414-4 0  5493
2 24971  98.2242  68.0958 0054330 145.1222 215.3541 14.33286638809901
TRMM                    
1 25063U 97074A   13081.88934931  .00016289  00000-0  22649-3 0  2750
2 25063  34.9588 245.5490 0000929 275.2829 204.1493 15.56045298874354
SPOT 4                  
1 25260U 98017A   13083.16207441  .00000097  00000-0  64111-4 0  3728
2 25260  98.5217 141.2516 0000864 124.8722 235.2536 14.20890222777628
FASAT B                 
1 25395U 98043B   13082.49366323  .00000057  00000-0  42402-4 0  5813
2 25395  98.3576  61.6755 0003901 123.1386  23.3678 14.24633357764230
TECHSAT 1B (GO-32)      
1 25397U 98043D   13082.14617645 -.00000006  00000-0  15638-4 0   285
2 25397  98.4058  53.6910 0001813 145.7995 276.8113 14.23328187763709
SCD 2                   
1 25504U 98060A   13081.84898440  .00000320  00000-0  40439-4 0  4047
2 25504  24.9961 302.7481 0017264 263.7271 193.3473 14.43447521761089
LANDSAT 7               
1 25682U 99020A   13083.09551937  .00000169  00000-0  47451-4 0  9808
2 25682  98.1996 153.8359 0001232  60.2026 299.9298 14.57121782741441
KITSAT 3                
1 25756U 99029A   13083.17504659  .00000141  00000-0  45697-4 0   752
2 25756  98.5069 330.7893 0012813 301.1351 205.6703 14.52934576732928
DLR-TUBSAT              
1 25757U 99029B   13083.07953223  .00000076  00000-0  31148-4 0  9377
2 25757  98.5506 323.7050 0014596 346.9383  13.1439 14.51028543732222
IRS-P4 (OCEANSAT 1)     
1 25758U 99029C   13082.18430341  .00000228  00000-0  68142-4 0  3096
2 25758  98.2436 174.2566 0001995  24.2565 351.2846 14.51319015732258
QUIKSCAT                
1 25789U 99034A   13083.16166407  .00000006  00000-0  20393-4 0  5579
2 25789  98.6209 274.2541 0001141 144.8293 324.9923 14.26988106716674
IKONOS 2                
1 25919U 99051A   13083.08552139 -.00002346  00000-0 -43482-3 0  8235
2 25919  98.1012 159.3608 0001555 101.6025 258.5345 14.64440190721434
CBERS 1 (ZY 1A)         
1 25940U 99057A   13082.51088446  .00000105  00000-0  51760-4 0  4332
2 25940  98.3085  42.0156 0003816 294.0642 175.1720 14.34771971703993
TERRA                   
1 25994U 99068A   13083.24793428  .00000280  00000-0  72128-4 0  9551
2 25994  98.2124 159.3840 0001141  98.1509 261.9836 14.57108361705548
ARIRANG 1 (KOMPSAT-1)   
1 26032U 99070A   13083.16901736  .00000407  00000-0  81197-4 0  8738
2 26032  97.7592 281.3939 0005054 166.4747 193.6582 14.66690986709081
EO-1                    
1 26619U 00075A   13083.11197324  .00000630  00000-0  13215-3 0  3065
2 26619  98.0400 147.5910 0008963 316.4999  43.5531 14.62890466657354
SAC-C                   
1 26620U 00075B   13082.50048348  .00000328  00000-0  82124-4 0  8649
2 26620  97.9256  63.0736 0001450  87.4636  59.2374 14.57139264655890
EROS A1                 
1 26631U 00079A   13083.08964163  .00006492  00000-0  39834-3 0  1157
2 26631  97.6192 157.6326 0011224 341.7468 104.5056 15.10415171682639
QUICKBIRD 2             
1 26953U 01047A   13083.20321172  .00010433  00000-0  25505-3 0  4536
2 26953  97.1812 148.6415 0001194  91.8388 353.3165 15.40989212641970
TES                     
1 26957U 01049A   13083.07596526  .00002834  00000-0  21942-3 0  4081
2 26957  97.7391 163.6934 0048827 237.9424 121.6969 15.01351191625597
JASON 1                 
1 26997U 01055A   13083.17119259 -.00000094  00000-0 -13626-3 0  6357
2 26997  66.0387  88.8190 0008268 285.1418 142.2716 12.83923693528376
METEOR-3M               
1 27001U 01056A   13081.45206704 -.00000027  00000-0  17258-4 0  2869
2 27001  99.2089 255.9460 0014275  61.7801 351.3079 13.68746554563519
BADR-B                  
1 27003U 01056C   13083.13555133 -.00000041  00000-0  76819-6 0  3194
2 27003  99.1613 263.1171 0020762  47.8377  62.5202 13.70149332564372
MAROC-TUBSAT            
1 27004U 01056D   13082.16987946 -.00000045  00000-0 -33514-5 0   723
2 27004  99.1636 261.3199 0020407  51.7197  59.0820 13.70064098564202
SPOT 5                  
1 27421U 02021A   13083.25726862 -.00000031  00000-0  57764-5 0  2895
2 27421  98.6176 154.2022 0001099  85.3211 306.2084 14.20075460564467
AQUA                    
1 27424U 02022A   13082.86995353  .00000364  00000-0  91046-4 0  6205
2 27424  98.2299  25.4768 0001435 100.5987 334.9989 14.57078412579099
HAIYANG-1A              
1 27430U 02024A   13082.17248596  .00000168  00000-0  80771-4 0  1804
2 27430  98.2891 118.9749 0008068 342.5277  48.1881 14.30149201566569
ALSAT 1                 
1 27559U 02054A   13082.46809950  .00000376  00000-0  69996-4 0  7520
2 27559  97.7719 285.4351 0021664 280.7564 168.8651 14.70224390551715
MIDORI II (ADEOS-II)    
1 27597U 02056A   13083.16262095  .00000118  00000-0  65845-4 0  9733
2 27597  98.2954 110.0739 0001522 145.9190 243.3221 14.26531464534936
IRS-P6 (RESOURCESAT-1)  
1 28051U 03046A   13083.13625427  .00000089  00000-0  60706-4 0  8746
2 28051  98.7608 160.4454 0004775 115.4669 244.7009 14.21600516489615
CBERS 2 (ZY 1B)         
1 28057U 03049A   13083.07907980  .00000096  00000-0  48011-4 0  3237
2 28057  98.1598  87.9790 0001698 109.0013 251.1354 14.35048825493728
TANSUO 1 (TS 1)         
1 28220U 04012A   13082.82072152  .00001497  00000-0  15393-3 0  4688
2 28220  97.4935  64.2037 0009603 294.9120 128.4920 14.91713714485203
FORMOSAT-2 (ROCSAT 2)   
1 28254U 04018A   13083.20584506  .00000106  00000-0  10000-3 0  9136
2 28254  98.9233 146.9788 0002625 112.1544 323.0057 14.00779989452165
AURA                    
1 28376U 04026A   13082.38057300  .00000503  00000-0  12175-3 0  7533
2 28376  98.2273  27.1865 0001385  74.2372 285.8973 14.57132416462075
PARASOL                 
1 28498U 04049G   13082.34949823  .00000469  00000-0  10752-3 0  6011
2 28498  98.4518  54.9814 0001220 111.3646 248.7693 14.60168143439588
IRS-P5 (CARTOSAT-1)     
1 28649U 05017A   13083.16162875  .00000926  00000-0  11918-3 0  8756
2 28649  97.8766 159.3276 0001532  46.8321 313.2993 14.83452629426772
TOPSAT                  
1 28891U 05043B   13083.10560086  .00000218  00000-0  54162-4 0  2481
2 28891  97.8664 299.1230 0017032 355.1799   4.9241 14.60281383394628
SINAH 1                 
1 28893U 05043D   13082.49149604  .00000169  00000-0  43922-4 0  6406
2 28893  97.8743 301.0590 0015050 355.7776  65.9911 14.60496836394610
ALOS (DAICHI)           
1 28931U 06002A   13083.17908797  .00000510  00000-0  11487-3 0  9769
2 28931  98.0397 150.6742 0002185 120.5261 239.6161 14.60300389381632
EROS B                  
1 29079U 06014A   13083.11942219  .00010459  00000-0  48673-3 0  7776
2 29079  97.4460 202.9336 0003772 242.6994 242.0501 15.20115465383366
RSS-1 (YAOGAN 1)        
1 29092U 06015A   13082.50056764  .00000410  00000-0  59489-4 0  3674
2 29092  97.9515  75.6494 0001593 105.9942  40.1340 14.81154124373267
RESURS-DK 1             
1 29228U 06021A   13083.10899266  .00000815  00000-0  73410-4 0  5908
2 29228  69.9355  65.7324 0006495 223.1274 136.9356 14.99828117376070
ARIRANG 2 (KOMPSAT-2)   
1 29268U 06031A   13083.22967875  .00000366  00000-0  82493-4 0  3863
2 29268  98.2327 339.7894 0015109 181.7137 178.4015 14.62043877355109
LAPAN-TUBSAT            
1 29709U 07001A   13083.08522967  .00000367  00000-0  53911-4 0  8908
2 29709  97.6358 107.4829 0014483 112.1087 248.1658 14.80864364335052
CARTOSAT-2 (IRS-P7)     
1 29710U 07001B   13083.14338729  .00000388  00000-0  59772-4 0  8654
2 29710  97.9036 142.9586 0001886  83.4328 276.7129 14.78788545334721
HAIYANG-1B              
1 31113U 07010A   13083.10287066  .00000155  00000-0  76532-4 0  6166
2 31113  98.3682 139.0184 0014778 330.1419  29.8928 14.29848863310523
COSMO-SKYMED 1          
1 31598U 07023A   13083.05159420 -.00003325  00000-0 -41145-3 0  4391
2 31598  97.8729 269.6328 0001418  97.8664 262.2682 14.82146264313429
TERRASAR-X              
1 31698U 07026A   13083.17281833  .00001184  00000-0  59566-4 0  7762
2 31698  97.4464  91.9056 0001305 106.6893 253.4485 15.19151638320168
WORLDVIEW-1 (WV-1)      
1 32060U 07041A   13083.24735131  .00003033  00000-0  12671-3 0  1557
2 32060  97.3312 159.7758 0000740  49.7057  26.8421 15.24371899306734
CBERS 2B                
1 32062U 07042A   13083.24701158  .00000187  00000-0  73792-4 0  7300
2 32062  98.3453 154.8609 0032551 156.9034 203.3640 14.38943991289260
YAOGAN 3                
1 32289U 07055A   13083.07011513  .00000629  00000-0  87657-4 0  9437
2 32289  97.9059  74.9453 0001585  68.2586 291.8807 14.81141780289886
COSMO-SKYMED 2          
1 32376U 07059A   13083.08535955  .00000639  00000-0  86781-4 0  8404
2 32376  97.8730 269.6662 0001344  90.1716 269.9651 14.82160367286170
RADARSAT-2              
1 32382U 07061A   13083.16542132  .00000214  00000-0  10000-3 0  8238
2 32382  98.5778  92.1709 0001168  94.9046 326.7225 14.29981264275344
CARTOSAT-2A             
1 32783U 08021A   13083.19032054  .00000361  00000-0  56153-4 0  4330
2 32783  97.8668 143.6423 0013553 276.5556  83.4147 14.78734842264675
IMS-1                   
1 32786U 08021D   13083.23387208  .00001214  00000-0  16503-3 0  9249
2 32786  97.7633 138.4044 0011792 238.9569 121.0468 14.80518217264932
JASON 2 (OSTM)          
1 33105U 08032A   13083.19921859 -.00000087  00000-0 -11054-3 0  5676
2 33105  66.0397  92.8305 0008269 275.9484 154.1321 12.80929841222586
RAPIDEYE 2              
1 33312U 08040A   13083.24120338  .00000546  00000-0  79313-4 0   995
2 33312  97.9050 173.8851 0012048 335.0637  24.9982 14.79865754246720
RAPIDEYE 5              
1 33313U 08040B   13083.19858960  .00000555  00000-0  80388-4 0   869
2 33313  97.9000 172.8767 0017155 200.5446 159.5080 14.79864690246664
RAPIDEYE 1              
1 33314U 08040C   13083.18671121  .00000522  00000-0  75884-4 0  1377
2 33314  97.9033 173.8351 0024743 345.4428  14.6059 14.79861976246707
RAPIDEYE 3              
1 33315U 08040D   13083.08935080  .00000559  00000-0  81036-4 0   694
2 33315  97.8980 172.6604 0011620 281.7653  78.2229 14.79867287246658
RAPIDEYE 4              
1 33316U 08040E   13083.07509168  .00000566  00000-0  81886-4 0   633
2 33316  97.8973 172.4410 0011240 221.8205 138.2129 14.79868701246647
HJ-1A                   
1 33320U 08041A   13083.09346215  .00000704  00000-0  11235-3 0   233
2 33320  97.8278 149.0139 0026308 326.1624  33.7900 14.74678857244733
HJ-1B                   
1 33321U 08041B   13083.06231976  .00000838  00000-0  13176-3 0   838
2 33321  97.8301 149.3021 0036669 342.6103  17.3833 14.74679297244710
GEOEYE 1                
1 33331U 08042A   13083.18724059 -.00000810  00000-0 -14410-3 0   410
2 33331  98.1161 158.3076 0010775  71.6065 288.6353 14.64432075242869
THEOS                   
1 33396U 08049A   13083.25240130  .00000017  00000-0  28959-4 0  8351
2 33396  98.7621 151.6656 0000938  98.1784 333.0295 14.19993686232071
COSMO-SKYMED 3          
1 33412U 08054A   13083.20772618  .00000308  00000-0  45243-4 0  8686
2 33412  97.8727 269.7857 0001315  89.1123 271.0241 14.82164703238650
YAOGAN 4                
1 33446U 08061A   13083.12333770  .00000338  00000-0  57841-4 0  7807
2 33446  97.7484 141.1604 0015950 277.6710  82.2701 14.74642819232001
YAOGAN 5                
1 33456U 08064A   13083.24219384  .00014656  00000-0  33246-3 0  7875
2 33456  97.2213 157.5155 0008612 157.3012 283.0724 15.43125037238552
GOSAT (IBUKI)           
1 33492U 09002A   13083.20234809 -.00000328  00000-0 -49402-4 0  2873
2 33492  98.0807 194.1324 0001761 110.0641 250.0772 14.67538112223083
YAOGAN 6                
1 34839U 09021A   13083.09460917  .00005233  00000-0  26001-3 0  3955
2 34839  97.3250 168.8590 0001820  99.4449  18.1741 15.18073274217428
RAZAKSAT                
1 35578U 09037A   13083.19275343  .00001024  00000-0  85012-4 0   680
2 35578   8.9866  46.0316 0016641 121.8068 238.3750 14.65604607198163
DEIMOS-1                
1 35681U 09041A   13083.23363911  .00000280  00000-0  54841-4 0   470
2 35681  98.0114 343.5294 0000781  89.1976 270.9331 14.69893770195873
OCEANSAT 2              
1 35931U 09051A   13082.14840576  .00000415  00000-0  11630-3 0  3106
2 35931  98.2747 179.3816 0001032 264.6882 159.2523 14.50851491185141
WORLDVIEW-2             
1 35946U 09055A   13083.09752556  .00000089  00000-0  44254-4 0  8382
2 35946  98.4546 164.5067 0001524  70.5715 289.5624 14.37642659181352
SMOS                    
1 36036U 09059A   13082.45665883  .00000216  00000-0  82926-4 0   373
2 36036  98.4451 271.1657 0001299 102.0868 313.7588 14.39735604178054
YAOGAN 7                
1 36110U 09069A   13083.04819292  .00000082  00000-0  20200-4 0  6541
2 36110  98.0000 218.3354 0025434  25.1459 335.0944 14.74139160176985
TANDEM-X                
1 36605U 10030A   13083.18540690  .00000945  00000-0  48203-4 0  3760
2 36605  97.4464  91.9178 0001553 104.1490 324.7882 15.19151280152908
CARTOSAT 2B             
1 36795U 10035A   13083.09784109  .00000576  00000-0  85319-4 0   272
2 36795  97.8685 145.4013 0015771 355.5180   4.5875 14.78729048145707
YAOGAN 10               
1 36834U 10038A   13083.05483391  .00000591  00000-0  82753-4 0  9224
2 36834  97.8486  82.9910 0002086  74.9383 285.2058 14.81077676141639
COSMO-SKYMED 4          
1 37216U 10060A   13083.16975260  .00000276  00000-0  41253-4 0  6639
2 37216  97.8724 269.7505 0001286  89.3109 270.8257 14.82159639128739
SAC-D                   
1 37673U 11024A   13082.49235603  .00000349  00000-0  63095-4 0  5775
2 37673  98.0129  91.1500 0001636 108.6497  38.9611 14.72298299 95919
RASAT                   
1 37791U 11044D   13083.21819925  .00000278  00000-0  62780-4 0  8082
2 37791  98.2045 166.8931 0021361 300.6216  59.2884 14.63593235 85541
MEGHA-TROPIQUES         
1 37838U 11058A   13081.50778919  .00000388  00000-0  70114-4 0  3724
2 37838  19.9771 124.7728 0009837   8.7394 140.7739 14.09675786 74469
SRMSAT                  
1 37841U 11058D   13082.47318199  .00000377  00000-0  63114-4 0  3567
2 37841  19.9716 116.4896 0012214  16.1487 128.3209 14.10208088 74660
YAOGAN 13               
1 37941U 11072A   13083.19439823  .00005708  00000-0  26914-3 0  4911
2 37941  97.3689  15.7077 0001281 150.3545 341.0029 15.19867499 73008
PLEIADES 1A             
1 38012U 11076F   13083.06310958 -.00000368  00000-0 -69285-4 0  4174
2 38012  98.1716 159.2381 0001348  90.7808 269.3534 14.58558441 67487
ZIYUAN 1-02C (ZY 1-02C) 
1 38038U 11079A   13083.24410106  .00000191  00000-0  81662-4 0  3939
2 38038  98.5060 160.9896 0001415  76.1224 284.0134 14.35368689 65729
ZIYUAN 3 (ZY 3)         
1 38046U 12001A   13083.23391631  .00004969  00000-0  22498-3 0  3729
2 38046  97.4426 160.9619 0004018 134.2994 301.5575 15.21334127 66919
RISAT 1                 
1 38248U 12017A   13083.13612253  .00001432  00000-0  94772-4 0   358
2 38248  97.5957  90.8370 0001186  58.6452   5.4389 15.08942493 50090
ARIRANG 3 (KOMPSAT-3)   
1 38338U 12025B   13083.01766487  .00000434  00000-0  96485-4 0  6319
2 38338  98.1591  24.2750 0011838 132.8774 227.3423 14.61727937 45338
SPOT 6                  
1 38755U 12047A   13083.16464436  .00000273  00000-0  68389-4 0  6662
2 38755  98.1731 152.0616 0001168  86.7780 357.8887 14.58570576 28578
LDCM                    
1 39084U 13008A   13082.50190426  .00000323  00000-0  74422-4 0   562
2 39084  98.2354 154.4729 0007039 160.9874 199.1594 14.61725023  5816
