SARSAT 7 (NOAA 15)      
1 25338U 98030A   13082.51452943  .00000074  00000-0  50181-4 0  6669
2 25338  98.7200  73.2097 0010835  23.4528 122.6900 14.25190562772638
SARSAT 8 (NOAA 16)      
1 26536U 00055A   13082.44915736  .00000059  00000-0  56049-4 0  1427
2 26536  99.0524 134.3256 0010526  23.3214 101.7924 14.12851802644466
GPS BIIR-07 [DASS]      
1 26690U 01004A   13082.46116678 -.00000010  00000-0  00000+0 0  7901
2 26690  53.1554 222.4664 0141411 238.8426  83.3913  2.00551352 89006
GOES 12                 
1 26871U 01031A   13082.26583773 -.00000294  00000-0  00000+0 0  9809
2 26871   2.8694  70.1912 0004148 345.9470 160.8314  1.00265020 42795
SARSAT 9 (NOAA 17)      
1 27453U 02032A   13082.46766439  .00000082  00000-0  52886-4 0   687
2 27453  98.3167 101.0800 0012542  61.9284  89.8378 14.24545322558510
GPS BIIR-08 [DASS]      
1 27663U 03005A   13082.24827608 -.00000023  00000-0  00000+0 0  2227
2 27663  56.3877  45.1702 0070741   1.2335 266.6375  2.00571124 74350
INSAT 3A                
1 27714U 03013A   13082.83004381 -.00000269  00000-0  10000-3 0  5964
2 27714   0.0071  98.6380 0004827 216.7359 258.4114  1.00271769 36499
GPS BIIR-11 [DASS]      
1 28190U 04009A   13082.18922650  .00000056  00000-0  00000+0 0  6739
2 28190  55.1319 107.6020 0090150  14.4773 125.3565  2.00562473 66023
GPS BIIR-12 [DASS]      
1 28361U 04023A   13081.97883802  .00000010  00000-0  00000+0 0  4903
2 28361  54.8106 283.1056 0083581 194.5101 303.7932  2.00556353 64104
GPS BIIR-13 [DASS]      
1 28474U 04045A   13082.45525363  .00000001  00000-0  00000+0 0  3775
2 28474  53.7835 161.2291 0123068 209.7701 275.6154  2.00567813 61476
SARSAT 10 (NOAA 18)     
1 28654U 05018A   13082.95573516  .00000242  00000-0  15764-3 0  5499
2 28654  99.0914  49.9894 0015397  89.1252 303.4089 14.11785340404036
GPS BIIR-14M [DASS]     
1 28874U 05038A   13082.36200353  .00000058  00000-0  00000+0 0  6372
2 28874  55.2895 104.6079 0084624 234.3979 285.5689  2.00571465 54892
MSG-2                   
1 28912U 05049B   13082.18671865  .00000054  00000-0  00000+0 0  4742
2 28912   0.4216  21.2933 0002837 319.5222 276.7336  1.00277098 26636
GOES 13                 
1 29155U 06018A   13082.28482965 -.00000261  00000-0  10000-3 0  4747
2 29155   0.3794 261.7684 0002410 148.5599 157.9008  1.00281392 25046
SARSAT 11 (METOP-A)     
1 29499U 06044A   13082.46108796  .00000061  00000-0  48198-4 0  9993
2 29499  98.7228 143.1942 0001060  48.5226 128.0456 14.21465741333391
GPS BIIR-16M [DASS]     
1 29601U 06052A   13082.46916197 -.00000025  00000-0  00000+0 0   604
2 29601  56.3468  44.1104 0044065   7.9795 193.4469  2.00572587 46509
GPS BIIR-17M [DASS]     
1 32260U 07047A   13081.56012609  .00000009  00000-0  00000+0 0  7696
2 32260  53.9574 280.8201 0053268   6.7285  32.3064  2.00556137 39875
GPS BIIR-18M [DASS]     
1 32384U 07062A   13082.51128968  .00000060  00000-0  00000+0 0  8050
2 32384  55.3251 105.1032 0021776 295.3168 202.7744  2.00563414 38622
SARSAT 12 (NOAA 19)     
1 33591U 09005A   13082.47428481  .00000241  00000-0  15707-3 0  7377
2 33591  98.8977  25.2458 0013235 315.2629 152.6609 14.11472575212404
GOES 14                 
1 35491U 09033A   13082.35711575 -.00000097  00000-0  00000+0 0  8855
2 35491   0.0612  85.8053 0002704 132.8737 345.3433  1.00271217 13714
GOES 15                 
1 36411U 10008A   13082.42975061  .00000077  00000-0  10000-3 0  4951
2 36411   0.0067 162.4982 0001320 112.4239 285.5817  1.00278183 11211
ELEKTRO-L 1             
1 37344U 11001A   13082.97838764 -.00000109  00000-0  00000+0 0  5705
2 37344   0.0900  54.5434 0000777  37.7550 157.6405  1.00271945  8011
GLONASS-K 1             
1 37372U 11009A   13082.69578006  .00000080  00000-0  10000-3 0  6177
2 37372  64.8493 116.9860 0007084 244.6958 152.9914  2.13107402 16105
GPS BIIF-2 [DASS]       
1 37753U 11036A   13082.20531410 -.00000002  00000-0  00000+0 0  5916
2 37753  55.0144 162.3978 0016387  10.5265  57.3304  2.00560004 12334
LUCH 5A                 
1 37951U 11074B   13082.41101899 -.00000065  00000-0  00000+0 0  3103
2 37951   3.8836 260.5077 0000923  51.4127 183.9776  1.00274059  4717
MSG-3                   
1 38552U 12035B   13081.18567807 -.00000019  00000-0  00000+0 0  2688
2 38552   1.2815 247.3416 0001898 173.2906 185.7149  1.00271992  2742
SARSAT 13 (METOP-B)     
1 38771U 12049A   13082.18355697  .00000066  00000-0  50195-4 0  1640
2 38771  98.7117 143.6923 0003119  83.0123 277.1409 14.21490729 26490
GPS BIIF-3 [DASS]       
1 38833U 12053A   13082.09837579 -.00000071  00000-0  00000+0 0  1381
2 38833  54.9577 341.9183 0008141   1.7955 358.2462  2.00561360  3392
GALILEO-FM3 (GSAT0103)  
1 38857U 12055A   13080.67348657  .00000015  00000-0  00000+0 0   684
2 38857  55.2645 235.0898 0001444 199.1645 160.7879  1.70473235  2735
GALILEO-FM4 (GSAT0104)  
1 38858U 12055B   13082.36809521  .00000013  00000-0  00000+0 0   638
2 38858  55.2642 235.0405 0000785 169.4437 190.5101  1.70473230  2759
