ALOUETTE 1 (S-27)       
1 00424U 62049A   13082.13686493  .00000101  00000-0  10674-3 0  1349
2 00424  80.4708 356.4547 0023944 102.6102   8.3016 13.68864195519797
IUE                     
1 10637U 78012A   13081.08377972 -.00000275  00000-0  00000+0 0  8769
2 10637  43.9633 357.1507 1480065 180.3729 179.5210  1.00077877 81202
IRAS                    
1 13777U 83004A   13083.15122286  .00000009  00000-0  35472-4 0  1730
2 13777  99.0122 281.1636 0016933  16.5208  90.0134 14.00221001210147
AKEBONO (EXOS-D)        
1 19822U 89016A   13082.53589947  .00028495  81278-8  77563-3 0  5001
2 19822  75.0643 130.5720 2408073 146.9783 335.6381 10.60974479736067
INTERCOSMOS 24          
1 20261U 89080A   13082.12336508  .00000452  00000-0  12712-3 0   110
2 20261  82.5883 291.3577 1212156  60.8157 310.8722 12.54296261 71869
COBE                    
1 20322U 89089A   13082.69607775  .00000192  00000-0  14786-3 0  9995
2 20322  99.0031  93.9384 0007794 250.7488 221.7016 14.04542408196243
HST                     
1 20580U 90037B   13082.51468804  .00001580  00000-0  10120-3 0  2011
2 20580  28.4699 114.3559 0003235 152.7930 359.8203 15.03390570 56793
CRRES                   
1 20712U 90065A   13081.80547365  .00000516  00000-0  26476-3 0  6002
2 20712  17.5732 217.1176 7128972  52.2196 114.5586  2.43918545190512
SARA                    
1 21578U 91050E   13082.51046448  .00000579  00000-0  15561-3 0  6959
2 21578  98.4120  59.1692 0001569 279.6144 227.9858 14.51708139143845
ORBVIEW 1 (MICROLAB)    
1 23547U 95017C   13081.82686194  .00000522  00000-0  13071-3 0  1288
2 23547  69.9816 201.1205 0008130  95.5934 264.6131 14.56910097952696
RXTE (XTE)              
1 23757U 95074A   13081.80093547  .00005238  00000-0  12552-3 0  8645
2 23757  22.9885 267.0708 0006943  29.3851  83.7579 15.37147463956673
POLAR                   
1 23802U 96013A   13081.68190760  .00000006  00000-0  10000-3 0  4078
2 23802  81.1201 305.1769 6775341  26.7733 356.2807  1.29845330 82086
FAST                    
1 24285U 96049A   13082.14090950  .00006434  00000-0  54726-3 0  7207
2 24285  82.9599  83.4004 1955242  57.5902 319.9441 11.35773723673792
TRACE                   
1 25280U 98020A   13082.17144678  .00001305  00000-0  10130-3 0  4394
2 25280  97.5884 285.0927 0027017 287.3699 188.9092 15.02832850817180
SAFIR 2                 
1 25399U 98043F   13082.49851521  .00000036  00000-0  33563-4 0  4630
2 25399  98.3678  60.1597 0003004 110.6330  36.1993 14.24164231764084
SWAS                    
1 25560U 98071A   13081.79145553  .00001076  00000-0  12331-3 0  1635
2 25560  69.9016 180.9070 0010039 332.0918  27.9695 14.89018756774785
ASTRID 2                
1 25568U 98072B   13082.83444178  .00000071  00000-0  61419-4 0  2542
2 25568  82.9505  46.3855 0024701 192.9132 229.7472 13.72192129715305
ORSTED                  
1 25635U 99008B   13083.16207797  .00000302  00000-0  81120-4 0  7710
2 25635  96.4742 330.5669 0143286 133.9782  12.9240 14.46602869742595
SUNSAT (SO-35)          
1 25636U 99008C   13082.78830567  .00000145  00000-0  45304-4 0  4597
2 25636  96.4698 319.4670 0147501 185.1679 240.1307 14.43885966741565
ABRIXAS                 
1 25721U 99022A   13082.42919036  .00003425  00000-0  13174-3 0  6469
2 25721  48.4603 169.3181 0017589  17.4098  36.8054 15.28875486770073
TERRIERS                
1 25735U 99026A   13082.11932921  .00003146  00000-0  11369-3 0  8367
2 25735  97.0829 273.4025 0005707 203.3374 274.3840 15.29138739768505
FUSE 1                  
1 25791U 99035A   13082.49559041  .00000361  00000-0  54072-4 0  4820
2 25791  24.9837 175.1106 0010533 328.1898 129.6398 14.42131048725102
CXO                     
1 25867U 99040B   13083.28555962  .00000444  00000-0  00000+0 0  8773
2 25867  74.8726 344.8780 8626887 277.7827   0.4173  0.37798290 10217
CLEMENTINE              
1 25978U 99064B   13082.94347913  .00001751  00000-0  19376-3 0  8861
2 25978  98.1442 207.6443 0008721 327.5080 146.0995 14.88708090720299
XMM-NEWTON              
1 25989U 99066A   13083.09337488  .00000276  00000-0  00000+0 0  3695
2 25989  64.0395  71.3007 7168036  95.0958 359.9830  0.50130634 13134
TERRA                   
1 25994U 99068A   13083.24793428  .00000280  00000-0  72128-4 0  9551
2 25994  98.2124 159.3840 0001141  98.1509 261.9836 14.57108361705548
ACRIMSAT                
1 26033U 99070B   13082.16980369  .00000154  00000-0  40084-4 0  8118
2 26033  97.8134 280.8264 0028774 185.2104 290.1602 14.61059673706271
IMAGE                   
1 26113U 00017A   13082.01790264 -.00000037  00000-0 -18953-1 0  3605
2 26113  92.9876 229.9247 7524303 123.4158 359.4495  1.68645503 80004
CLUSTER II-FM6 (SALSA)  
1 26410U 00041A   13081.44508917  .00001990  00000-0  00000+0 0  9447
2 26410 137.5788 304.0532 7762844 117.6634   0.3215  0.44216024 10653
CLUSTER II-FM7 (SAMBA)  
1 26411U 00041B   13079.18409576  .00001757  00000-0  00000+0 0  9156
2 26411 137.6596 303.9534 7744631 117.1963   0.3512  0.44218259 10726
CLUSTER II-FM5 (RUMBA)  
1 26463U 00045A   13081.44489403  .00002133  00000-0  00000+0 0  9346
2 26463 140.4908 301.1355 7724797 116.2381   0.3043  0.44216303 11232
CLUSTER II-FM8 (TANGO)  
1 26464U 00045B   13066.87593113  .00002034  00000-0  00000+0 0  8609
2 26464 129.8264 288.6333 7704726 107.0738   0.1748  0.42485376 10525
MEGSAT-1                
1 26546U 00057B   13082.18105127  .00000806  00000-0  10680-3 0  8603
2 26546  64.5556 124.9598 0047878 258.9201 169.0433 14.86325749676346
HETE-2                  
1 26561U 00061A   13081.18670820  .00003686  00000-0  22451-3 0  8452
2 26561   1.9509 123.6818 0021392 187.0250 173.0262 14.99553266681382
MUNIN                   
1 26621U 00075C   13082.45838639  .00000857  00000-0  78138-3 0  6165
2 26621  95.4092 161.3711 0716581  98.0674 329.8705 13.03875248586914
ODIN                    
1 26702U 01007A   13082.81629674  .00000927  00000-0  81159-4 0  9066
2 26702  97.6397  98.4281 0003405 171.9355 188.1923 14.99080353659223
TIMED                   
1 26998U 01055B   13083.17811181  .00000597  00000-0  73474-4 0  4487
2 26998  74.0733 146.7930 0002701 263.4893  96.5978 14.85398767611690
RHESSI                  
1 27370U 02004A   13082.14832376  .00003376  00000-0  21857-3 0   775
2 27370  38.0387 351.4008 0015198 236.4987 269.6827 15.08542644610842
INTEGRAL                
1 27540U 02048A   13082.00000000  .00000085  00000-0  00000+0 0  2676
2 27540  61.9245 266.4702 8742319 253.2540 358.1633  0.33416146  8891
FEDSAT                  
1 27598U 02056B   13083.03975153  .00000034  00000-0  29742-4 0  9212
2 27598  98.2560  87.7860 0010326 127.3950 266.0220 14.28222551535618
WEOS                    
1 27599U 02056C   13083.09093003  .00000116  00000-0  61915-4 0  9246
2 27599  98.2468  96.4754 0011074 136.0221 256.0558 14.28846597535822
MICRO LABSAT            
1 27600U 02056D   13083.05842698  .00000055  00000-0  37709-4 0  8882
2 27600  98.2417  95.6386 0012050 137.4853 289.3374 14.29105256535930
CORIOLIS                
1 27640U 03001A   13083.10476083  .00000041  00000-0  40878-4 0  1377
2 27640  98.7575  92.2352 0015130  69.9090 320.1842 14.18578706528718
CHIPSAT                 
1 27643U 03002B   13083.15305039  .00001694  00000-0  13591-3 0  3398
2 27643  94.0143 298.5689 0010727 202.0711 305.2783 15.00414327556980
SORCE                   
1 27651U 03004A   13082.73180660  .00000919  00000-0  12229-3 0   576
2 27651  39.9951 277.3527 0026359 204.5099 211.7163 14.84357806550531
GALEX                   
1 27783U 03017A   13082.48510824  .00000597  00000-0  99198-4 0  7410
2 27783  28.9976 165.3567 0003926 293.3657 172.3230 14.60615357528953
MOST                    
1 27843U 03031D   13082.04370591  .00000047  00000-0  42597-4 0  6106
2 27843  98.7183  91.1642 0010707 147.6001 246.0898 14.20285273504324
QUAKESAT                
1 27845U 03031F   13083.05429073  .00000261  00000-0  14069-3 0  6559
2 27845  98.7122  93.3686 0009728 150.7637 242.6854 14.20942928504503
AAU CUBESAT             
1 27846U 03031G   13082.98157637  .00000139  00000-0  83392-4 0  5239
2 27846  98.6916  93.4925 0010513 110.8922 312.0527 14.21410903504759
SCISAT 1                
1 27858U 03036A   13082.26734697  .00000338  00000-0  54667-4 0  8962
2 27858  73.9366 357.5945 0006959  97.9497  47.2840 14.75617820517467
STSAT-1                 
1 27945U 03042G   13082.51693479  .00000201  00000-0  47132-4 0  8278
2 27945  97.7993 275.1712 0013774 109.1570 284.7920 14.63661413506719
GP-B                    
1 28230U 04014A   13083.17739346  .00000429  00000-0  58821-4 0  6922
2 28230  89.9053 145.7018 0001847 112.6054 299.4020 14.76874396480773
DEMETER                 
1 28368U 04025C   13083.09774616  .00000553  00000-0  95851-4 0  8368
2 28368  97.8226 130.9773 0001432 131.3834 228.7517 14.71887782467974
DOUBLESTAR TC-2         
1 28382U 04029A   13080.63970720  .00000106  00000-0  10371-2 0  2123
2 28382  88.3952 321.0832 7289379  38.1382 355.6913  2.15612885 66988
SWIFT                   
1 28485U 04047A   13082.13887052  .00002042  00000-0  14109-3 0  3990
2 28485  20.5574  98.5365 0012964 229.6040 180.3816 14.95979703455514
SUZAKU (ASTRO-EII)      
1 28773U 05025A   13082.67543065  .00002110  00000-0  13969-3 0  9815
2 28773  31.3836 177.0352 0006360  49.4830  61.0960 15.05064663423200
AKARI (ASTRO-F)         
1 28939U 06005A   13083.17612579  .00003430  00000-0  18524-3 0  1428
2 28939  98.2464 132.2061 0171600  60.3908 333.2384 15.03685698378692
FORMOSAT-3 FM6          
1 29047U 06011A   13083.18227917  .00000150  00000-0  76501-4 0   565
2 29047  71.9789  99.7327 0053740 295.5023 130.0328 14.27623593364054
FORMOSAT-3 FM1          
1 29048U 06011B   13082.36999880  .00000211  00000-0  10145-3 0  1368
2 29048  71.9723  15.2416 0046737 251.2121 257.4018 14.27623855366414
FORMOSAT-3 FM5          
1 29049U 06011C   13082.50866458  .00000275  00000-0  12744-3 0   747
2 29049  72.0214 171.7072 0037301 299.5236 172.4495 14.27638003362217
FORMOSAT-3 FM3          
1 29050U 06011D   13082.49263939  .00000504  00000-0  12391-3 0  4042
2 29050  72.0176 222.5836 0051179  80.8906 340.9627 14.55733528371233
FORMOSAT-3 FM4          
1 29051U 06011E   13082.18452029  .00000136  00000-0  70086-4 0  1289
2 29051  72.0062  79.0520 0068890 175.2465 258.9984 14.27644003364751
FORMOSAT-3 FM2          
1 29052U 06011F   13083.18531377  .00000229  00000-0  10844-3 0  1508
2 29052  72.0346 143.4127 0043229 266.4939 153.6226 14.27697357363203
CLOUDSAT                
1 29107U 06016A   13082.37698255  .00000353  00000-0  88458-4 0  2149
2 29107  98.2285  27.6876 0001089  92.7670 267.3650 14.57125062367187
CALIPSO                 
1 29108U 06016B   13083.13120074 -.00008719  00000-0 -19303-2 0  2455
2 29108  98.2284  27.9663 0001381  67.4072 292.7778 14.57052839367223
HINODE (SOLAR-B)        
1 29479U 06041A   13082.07575846  .00000392  00000-0  85202-4 0   455
2 29479  98.1158  82.6505 0018462  47.0332 343.4942 14.63147342347010
SJ-6C                   
1 29505U 06046A   13083.20749200  .00000748  00000-0  79414-4 0  1581
2 29505  97.7409  79.3121 0003029 160.9825 199.1523 14.91914365349130
SJ-6D                   
1 29506U 06046B   13083.04919945  .00000218  00000-0  27541-4 0  1327
2 29506  97.7509  77.8035 0000854 220.3633 139.7538 14.91098960348948
COROT                   
1 29678U 06063A   13082.35130375  .00000060  00000-0  34493-4 0   611
2 29678  90.0219  10.7118 0006480 142.2674   7.9548 13.98327675318261
AGILE                   
1 31135U 07013A   13082.97901055  .00004831  00000-0  19816-3 0  7783
2 31135   2.4724 153.9428 0019205 287.4217  72.3523 15.15248619327505
AIM                     
1 31304U 07015A   13082.83921991  .00002331  00000-0  20443-3 0  9917
2 31304  97.8509 198.1969 0009442 338.6667 167.4799 14.97608530322173
FGRST (GLAST)           
1 33053U 08029A   13082.37768128  .00001505  00000-0  79647-4 0  2899
2 33053  25.5835  64.9491 0014215  72.0419  80.4597 15.06886646263366
KORONAS-FOTON           
1 33504U 09003A   13083.21419410  .00001612  00000-0  10154-3 0  5411
2 33504  82.4721 321.9926 0020767  41.2420 106.3971 15.08311510227843
TATIANA 2               
1 35868U 09049D   13083.12440376  .00000084  00000-0  57306-4 0  3311
2 35868  98.6109 138.1758 0003789 318.6737  41.4163 14.22343239182429
UGATUSAT                
1 35869U 09049E   13083.19736386  .00000025  00000-0  30826-4 0  2826
2 35869  98.6066 137.6058 0004482 332.5348  27.5590 14.22117507182418
SUMBANDILA (SO-67)      
1 35870U 09049F   13083.16050275  .00004781  00000-0  18733-3 0  9036
2 35870  97.2015 114.9624 0000278 239.5634 206.6996 15.26238342195284
WISE                    
1 36119U 09071A   13082.85025228  .00001834  00000-0  96594-4 0  9457
2 36119  97.5200  90.8571 0002485  12.8134  37.3908 15.16881741180868
SDO                     
1 36395U 10005A   13082.40605583 -.00000075  00000-0  00000+0 0  6996
2 36395  27.8318 168.8424 0001125 245.8534 170.1476  1.00275644 11580
CRYOSAT 2               
1 36508U 10013A   13082.14927267  .00000116  00000-0  27947-4 0  9024
2 36508  92.0221 188.0047 0009554 190.2829 299.0201 14.52179291156660
PICARD                  
1 36598U 10028A   13083.08948223  .00000182  00000-0  58572-4 0   334
2 36598  98.2944 269.2902 0003075  54.5515 305.5958 14.49742117146678
SPEKTR-R                
1 37755U 11037A   13067.72276695 -.00000035  00000-0  00000+0 0   438
2 37755  74.2368 293.0410 6947667 359.9632   4.1844  0.11478463   713
GCOM-W1 (SHIZUKU)       
1 38337U 12025A   13082.09678176 -.00000646  00000-0 -13339-3 0  3660
2 38337  98.2263  23.6397 0001735  82.9779 277.1628 14.57116650 45079
NUSTAR                  
1 38358U 12031A   13083.14437632  .00001947  00000-0  15415-3 0  1643
2 38358   6.0268 334.8438 0013644  57.1844 302.9546 14.82559818 42131
BRITE-AUSTRIA           
1 39091U 13009F   13082.99974275  .00000016  00000-0  21544-4 0   315
2 39091  98.6306 273.2944 0010312 201.9817 158.0921 14.34474797  3786
UNIBRITE                
1 39092U 13009G   13082.51376820  .00000102  00000-0  52269-4 0   332
2 39092  98.6296 272.8021 0009364 195.8078 164.2822 14.34348888  3714
