ACRIMSAT                
1 26033U 99070B   13082.16980369  .00000154  00000-0  40084-4 0  8118
2 26033  97.8134 280.8264 0028774 185.2104 290.1602 14.61059673706271
AIM                     
1 31304U 07015A   13082.83921991  .00002331  00000-0  20443-3 0  9917
2 31304  97.8509 198.1969 0009442 338.6667 167.4799 14.97608530322173
AQUA                    
1 27424U 02022A   13082.86995353  .00000364  00000-0  91046-4 0  6205
2 27424  98.2299  25.4768 0001435 100.5987 334.9989 14.57078412579099
AURA                    
1 28376U 04026A   13082.38057300  .00000503  00000-0  12175-3 0  7533
2 28376  98.2273  27.1865 0001385  74.2372 285.8973 14.57132416462075
C/NOFS                  
1 32765U 08017A   13081.13395677  .00010237  00000-0  35647-3 0  2593
2 32765  13.0023  31.3129 0240184 173.2536 302.4176 15.02237339268328
CALIPSO                 
1 29108U 06016B   13083.13120074 -.00008719  00000-0 -19303-2 0  2455
2 29108  98.2284  27.9663 0001381  67.4072 292.7778 14.57052839367223
CLOUDSAT                
1 29107U 06016A   13082.37698255  .00000353  00000-0  88458-4 0  2149
2 29107  98.2285  27.6876 0001089  92.7670 267.3650 14.57125062367187
CLUSTER II-FM5 (RUMBA)  
1 26463U 00045A   13081.44489403  .00002133  00000-0  00000+0 0  9346
2 26463 140.4908 301.1355 7724797 116.2381   0.3043  0.44216303 11232
CLUSTER II-FM6 (SALSA)  
1 26410U 00041A   13081.44508917  .00001990  00000-0  00000+0 0  9447
2 26410 137.5788 304.0532 7762844 117.6634   0.3215  0.44216024 10653
CLUSTER II-FM7 (SAMBA)  
1 26411U 00041B   13079.18409576  .00001757  00000-0  00000+0 0  9156
2 26411 137.6596 303.9534 7744631 117.1963   0.3512  0.44218259 10726
CLUSTER II-FM8 (TANGO)  
1 26464U 00045B   13066.87593113  .00002034  00000-0  00000+0 0  8609
2 26464 129.8264 288.6333 7704726 107.0738   0.1748  0.42485376 10525
CXO                     
1 25867U 99040B   13083.28555962  .00000444  00000-0  00000+0 0  8773
2 25867  74.8726 344.8780 8626887 277.7827   0.4173  0.37798290 10217
EO-1                    
1 26619U 00075A   13083.11197324  .00000630  00000-0  13215-3 0  3065
2 26619  98.0400 147.5910 0008963 316.4999  43.5531 14.62890466657354
FGRST (GLAST)           
1 33053U 08029A   13082.37768128  .00001505  00000-0  79647-4 0  2899
2 33053  25.5835  64.9491 0014215  72.0419  80.4597 15.06886646263366
GOES 1 [-]              
1 08366U 75100A   13082.50228619 -.00000005  00000-0  00000+0 0  3363
2 08366  13.7862 335.5551 0002972 106.1675 158.6892  1.00239233136737
GOES 10 [-]             
1 24786U 97019A   13082.07115961  .00000027  00000-0  10000-3 0  7112
2 24786   6.6727  57.5937 0024944 108.2897 252.1178  0.99123379 58159
GOES 11 [+]             
1 26352U 00022A   13081.84999568 -.00000245  00000-0  00000+0 0  1378
2 26352   1.7420 103.6246 0003706 349.1302  11.6273  0.99045161 47134
GOES 12                 
1 26871U 01031A   13082.26583773 -.00000294  00000-0  00000+0 0  9809
2 26871   2.8694  70.1912 0004148 345.9470 160.8314  1.00265020 42795
GOES 13                 
1 29155U 06018A   13082.28482965 -.00000261  00000-0  10000-3 0  4747
2 29155   0.3794 261.7684 0002410 148.5599 157.9008  1.00281392 25046
GOES 14                 
1 35491U 09033A   13082.35711575 -.00000097  00000-0  00000+0 0  8855
2 35491   0.0612  85.8053 0002704 132.8737 345.3433  1.00271217 13714
GOES 15                 
1 36411U 10008A   13082.42975061  .00000077  00000-0  10000-3 0  4951
2 36411   0.0067 162.4982 0001320 112.4239 285.5817  1.00278183 11211
GOES 2 [-]              
1 10061U 77048A   13081.76387217  .00000022  00000-0  10000-3 0  5510
2 10061  14.5855 344.0980 0011583 289.2180  70.6508  0.99394321 75462
GOES 3                  
1 10953U 78062A   13078.77095246 -.00000104  00000-0  10000-3 0  1431
2 10953  14.5289 347.7228 0006096  79.5182 280.5492  1.00279339 80423
GOES 4 [-]              
1 11964U 80074A   13081.32678209  .00000070  00000-0  10000-3 0  7674
2 11964  15.1013 351.3577 0033018 338.5735  21.2924  0.99227632 79662
GOES 5 [-]              
1 12472U 81049A   13081.89680037  .00000085  00000-0  10000-3 0  6345
2 12472  14.6767   1.5178 0003173  92.4967 267.5387  1.00262467 74492
GOES 6 [-]              
1 14050U 83041A   13082.42454855  .00000036  00000-0  00000+0 0  6464
2 14050  14.6127   6.3846 0006294  68.5940 129.7784  1.00240755167593
GOES 7 [-]              
1 17561U 87022A   13081.28816471 -.00000239  00000-0  10000-3 0  8593
2 17561  14.2316  22.6768 0004771 347.8561  12.1339  0.99892959 78681
GOES 8 [-]              
1 23051U 94022A   13081.51733538  .00000044  00000-0  10000-3 0  4993
2 23051   8.8943  55.6307 0003288 242.8378 117.2132  0.98903641 76310
GOES 9 [P]              
1 23581U 95025A   13081.23163586 -.00000270  00000-0  10000-3 0  7843
2 23581   8.4277  54.1554 0007448   4.8416 355.2520  0.98802913 65002
GRACE-1                 
1 27391U 02012A   13082.82345465  .00003517  00000-0  80695-4 0  3451
2 27391  89.0271 178.1749 0015559 130.4668  17.4308 15.42273298616561
GRACE-2                 
1 27392U 02012B   13082.15518194  .00004706  00000-0  10821-3 0  3464
2 27392  89.0269 178.2928 0016279 134.6261 267.0167 15.42270307616467
HINODE (SOLAR-B)        
1 29479U 06041A   13082.07575846  .00000392  00000-0  85202-4 0   455
2 29479  98.1158  82.6505 0018462  47.0332 343.4942 14.63147342347010
HST                     
1 20580U 90037B   13082.51468804  .00001580  00000-0  10120-3 0  2011
2 20580  28.4699 114.3559 0003235 152.7930 359.8203 15.03390570 56793
INTEGRAL                
1 27540U 02048A   13082.00000000  .00000085  00000-0  00000+0 0  2676
2 27540  61.9245 266.4702 8742319 253.2540 358.1633  0.33416146  8891
JASON 1                 
1 26997U 01055A   13083.17119259 -.00000094  00000-0 -13626-3 0  6357
2 26997  66.0387  88.8190 0008268 285.1418 142.2716 12.83923693528376
JASON 2 (OSTM)          
1 33105U 08032A   13083.19921859 -.00000087  00000-0 -11054-3 0  5676
2 33105  66.0397  92.8305 0008269 275.9484 154.1321 12.80929841222586
LAGEOS 1                
1 08820U 76039A   13081.71764976  .00000012  00000-0  00000+0 0  4350
2 08820 109.8573 323.2827 0044767 257.7197 292.6314  6.38664847604814
LAGEOS 2                
1 22195U 92070B   13083.14574271 -.00000009  00000-0  00000+0 0  6652
2 22195  52.6527  81.2094 0137213 234.3817 268.2879  6.47294275482740
LANDSAT 4               
1 13367U 82072A   13082.83199560  .00002207  00000-0  14974-3 0  3065
2 13367  98.2674 107.9625 0016788  39.1730  12.8988 15.07522708651310
LANDSAT 5               
1 14780U 84021A   13083.21386933  .00000126  00000-0  32789-4 0  8480
2 14780  98.1060 148.6771 0001598 173.5203 186.6031 14.64282670545812
LANDSAT 7               
1 25682U 99020A   13083.09551937  .00000169  00000-0  47451-4 0  9808
2 25682  98.1996 153.8359 0001232  60.2026 299.9298 14.57121782741441
LDCM                    
1 39084U 13008A   13082.50190426  .00000323  00000-0  74422-4 0   562
2 39084  98.2354 154.4729 0007039 160.9874 199.1594 14.61725023  5816
MIDORI II (ADEOS-II)    
1 27597U 02056A   13083.16262095  .00000118  00000-0  65845-4 0  9733
2 27597  98.2954 110.0739 0001522 145.9190 243.3221 14.26531464534936
NOAA 1 [-]              
1 04793U 70106A   13082.48051829 -.00000043  00000-0  20332-4 0  5851
2 04793 102.0291 119.2240 0031712 341.7880 154.2962 12.53956143935290
NOAA 10 [-]             
1 16969U 86073A   13082.40020990  .00000065  00000-0  44023-4 0  2871
2 16969  98.5535 112.0758 0013365 134.9287 272.0785 14.27622039379707
NOAA 11 [-]             
1 19531U 88089A   13082.46865924 -.00000010  00000-0  16997-4 0  2902
2 19531  98.7126 167.5144 0012173 143.5659 283.2615 14.15006185264009
NOAA 12 [-]             
1 21263U 91032A   13082.50199797  .00000025  00000-0  29348-4 0  7636
2 21263  98.7043 108.5382 0014971 109.3670  51.6542 14.25552384136341
NOAA 13 [-]             
1 22739U 93050A   13082.26921657  .00000133  00000-0  95785-4 0  2901
2 22739  98.7496 160.5216 0008573 258.6187 133.3858 14.12391020 11050
NOAA 14 [-]             
1 23455U 94089A   13082.45901407  .00000087  00000-0  68840-4 0  2485
2 23455  98.8042 168.1898 0008757 236.9125 251.9355 14.13897021940254
NOAA 15                 
1 25338U 98030A   13082.51452943  .00000074  00000-0  50181-4 0  6669
2 25338  98.7200  73.2097 0010835  23.4528 122.6900 14.25190562772638
NOAA 16                 
1 26536U 00055A   13082.44915736  .00000059  00000-0  56049-4 0  1427
2 26536  99.0524 134.3256 0010526  23.3214 101.7924 14.12851802644466
NOAA 17                 
1 27453U 02032A   13082.46766439  .00000082  00000-0  52886-4 0   687
2 27453  98.3167 101.0800 0012542  61.9284  89.8378 14.24545322558510
NOAA 18                 
1 28654U 05018A   13082.95573516  .00000242  00000-0  15764-3 0  5499
2 28654  99.0914  49.9894 0015397  89.1252 303.4089 14.11785340404036
NOAA 19                 
1 33591U 09005A   13082.47428481  .00000241  00000-0  15707-3 0  7377
2 33591  98.8977  25.2458 0013235 315.2629 152.6609 14.11472575212404
NOAA 2 [-]              
1 06235U 72082A   13082.53899921 -.00000065  00000-0 -13966-3 0  6847
2 06235 101.4581  67.3216 0004168 110.3612 359.7929 12.53034962849725
NOAA 3 [-]              
1 06920U 73086A   13082.52048076 -.00000065  00000-0 -16264-3 0  5763
2 06920 101.7345  74.0424 0006933  98.4292  47.3282 12.40334227782782
NOAA 4 [-]              
1 07529U 74089A   13082.50744454 -.00000060  00000-0 -10951-3 0  5867
2 07529 101.4383  75.3239 0009185 145.8788 359.8954 12.53080951754304
NOAA 5 [-]              
1 09057U 76077A   13082.52581249 -.00000055  00000-0 -89969-4 0  4653
2 09057 101.7577 101.0222 0009280 302.3693 212.6541 12.37776648656643
NOAA 6 [P]              
1 11416U 79057A   13082.53163892  .00000177  00000-0  81190-4 0  4579
2 11416  98.4397  77.0317 0011343 142.4140 325.7690 14.32468577758568
NUSTAR                  
1 38358U 12031A   13083.14437632  .00001947  00000-0  15415-3 0  1643
2 38358   6.0268 334.8438 0013644  57.1844 302.9546 14.82559818 42131
ORBVIEW 2 (SEASTAR)     
1 24883U 97037A   13083.17975715  .00000178  00000-0  81137-4 0  9897
2 24883  98.4413 200.1017 0002231  37.2473  24.3123 14.32600653830489
QUIKSCAT                
1 25789U 99034A   13083.16166407  .00000006  00000-0  20393-4 0  5579
2 25789  98.6209 274.2541 0001141 144.8293 324.9923 14.26988106716674
RHESSI                  
1 27370U 02004A   13082.14832376  .00003376  00000-0  21857-3 0   775
2 27370  38.0387 351.4008 0015198 236.4987 269.6827 15.08542644610842
RXTE (XTE)              
1 23757U 95074A   13081.80093547  .00005238  00000-0  12552-3 0  8645
2 23757  22.9885 267.0708 0006943  29.3851  83.7579 15.37147463956673
SAC-D                   
1 37673U 11024A   13082.49235603  .00000349  00000-0  63095-4 0  5775
2 37673  98.0129  91.1500 0001636 108.6497  38.9611 14.72298299 95919
SDO                     
1 36395U 10005A   13082.40605583 -.00000075  00000-0  00000+0 0  6996
2 36395  27.8318 168.8424 0001125 245.8534 170.1476  1.00275644 11580
SORCE                   
1 27651U 03004A   13082.73180660  .00000919  00000-0  12229-3 0   576
2 27651  39.9951 277.3527 0026359 204.5099 211.7163 14.84357806550531
SUOMI NPP               
1 37849U 11061A   13083.15675892  .00000058  00000-0  48185-4 0  4479
2 37849  98.7471  22.6938 0000506  70.2997  43.6179 14.19532528 72755
SUZAKU (ASTRO-EII)      
1 28773U 05025A   13082.67543065  .00002110  00000-0  13969-3 0  9815
2 28773  31.3836 177.0352 0006360  49.4830  61.0960 15.05064663423200
SWIFT                   
1 28485U 04047A   13082.13887052  .00002042  00000-0  14109-3 0  3990
2 28485  20.5574  98.5365 0012964 229.6040 180.3816 14.95979703455514
TERRA                   
1 25994U 99068A   13083.24793428  .00000280  00000-0  72128-4 0  9551
2 25994  98.2124 159.3840 0001141  98.1509 261.9836 14.57108361705548
THEMIS A                
1 30580U 07004A   13078.33368350 -.00000250  00000-0  00000+0 0  5293
2 30580  11.9850  75.2515 8215680  50.6457  13.8517  1.04956079 21733
TIMED                   
1 26998U 01055B   13083.17811181  .00000597  00000-0  73474-4 0  4487
2 26998  74.0733 146.7930 0002701 263.4893  96.5978 14.85398767611690
TRMM                    
1 25063U 97074A   13081.88934931  .00016289  00000-0  22649-3 0  2750
2 25063  34.9588 245.5490 0000929 275.2829 204.1493 15.56045298874354
XMM-NEWTON              
1 25989U 99066A   13083.09337488  .00000276  00000-0  00000+0 0  3695
2 25989  64.0395  71.3007 7168036  95.0958 359.9830  0.50130634 13134
