ISS (ZARYA)             
1 25544U 98067A   13083.35038144  .00010302  00000-0  17411-3 0  4687
2 25544  51.6461 169.5099 0012106  65.9767 338.6379 15.52163589821537
TIANGONG 1              
1 37820U 11053A   13083.23392383  .00035588  00000-0  28108-3 0  6952
2 37820  42.7796 156.5164 0003159 168.2735 289.5331 15.70704602 85258
RAIKO                   
1 38852U 98067CN  13082.66577840  .00044374  00000-0  45196-3 0  1726
2 38852  51.6409 165.7648 0015394  35.5882 324.6137 15.64521660 26429
FITSAT-1 (NIWAKA)       
1 38853U 98067CP  13082.46058567  .00064366  00000-0  57322-3 0  1733
2 38853  51.6427 165.1648 0012377  40.9720 319.2204 15.67760013 26462
TECHEDSAT               
1 38854U 98067CQ  13082.67382203  .00142401  00000-0  81422-3 0  1986
2 38854  51.6365 159.7806 0012436  32.9003 327.2770 15.77807330 26552
F-1                     
1 38855U 98067CR  13082.59085945  .00133988  00000-0  81631-3 0  1961
2 38855  51.6358 160.7210 0012197  33.5329 326.6441 15.76411261 26425
DRAGON CRS-2            
1 39115U 13010A   13062.62492353  .00008823  00000-0  14845-3 0   188
2 39115  51.6441 272.5899 0012056 334.2535  68.5574 15.52501943   306
