SARAL                   
1 39086U 13009A   13082.82408484  .00000138  00000-0  67178-4 0   582
2 39086  98.5261 272.7439 0001243 121.1707 238.9619 14.32250947  3763
AAUSAT3                 
1 39087U 13009B   13082.24166077  .00000417  00000-0  16530-3 0   347
2 39087  98.6319 272.5216 0012804 197.1817 162.8919 14.33969616  3679
SAPPHIRE                
1 39088U 13009C   13083.15316142 -.00000071  00000-0 -97259-5 0   436
2 39088  98.6294 273.4144 0011465 183.2891 176.8187 14.33723174  3806
NEOSSAT                 
1 39089U 13009D   13082.10374043  .00000155  00000-0  71614-4 0   319
2 39089  98.6315 272.3765 0011018 190.0549 170.0411 14.33870134  3656
STRAND 1                
1 39090U 13009E   13082.09635283  .00000102  00000-0  52041-4 0   321
2 39090  98.6361 272.4057 0008959 193.8549 166.2406 14.34285880  3655
BRITE-AUSTRIA           
1 39091U 13009F   13082.99974275  .00000016  00000-0  21544-4 0   315
2 39091  98.6306 273.2944 0010312 201.9817 158.0921 14.34474797  3786
UNIBRITE                
1 39092U 13009G   13082.51376820  .00000102  00000-0  52269-4 0   332
2 39092  98.6296 272.8021 0009364 195.8078 164.2822 14.34348888  3714
PSLV R/B                
1 39093U 13009H   13082.58317947  .00000212  00000-0  72338-4 0   314
2 39093  98.6516 273.4619 0045010 332.1404  27.7374 14.45902005  3711
PSLV DEB                
1 39094U 13009J   13082.59639059  .00000853  00000-0  32344-3 0   242
2 39094  98.6332 272.8621 0011612 184.0631 176.0459 14.33656516  3735
DRAGON CRS-2            
1 39115U 13010A   13062.62492353  .00008823  00000-0  14845-3 0   188
2 39115  51.6441 272.5899 0012056 334.2535  68.5574 15.52501943   306
