MACSAT 2 (M 2)          
1 20608U 90043B   13082.84788789  .00000776  00000-0  10944-3 0  9109
2 20608  89.7536  37.6891 0095265  81.4569 333.3703 14.73085802225762
TUBSAT A                
1 21577U 91050D   13082.94815046  .00000075  00000-0  39214-4 0  6181
2 21577  98.6549  46.6149 0005155 261.2381 130.9559 14.38853013138015
S80/T                   
1 22078U 92052C   13081.84379477 -.00000013  00000-0  19460-3 0  2978
2 22078  66.0863 319.6866 0011503 327.4649 106.7781 12.86754261968605
HEALTHSAT 1             
1 22827U 93061E   13082.85919041  .00000138  00000-0  69694-4 0  3748
2 22827  98.6075  30.4871 0009850 138.7401 282.9690 14.30554837 16875
TUBSAT B                
1 22970U 94003B   13083.06839546  .00000162  00000-0  38992-3 0  1324
2 22970  82.5593 258.5643 0016806  51.7267  98.1307 13.16931025921074
CERISE                  
1 23606U 95033B   13082.77570043  .00001022  00000-0  11769-3 0   324
2 23606  98.3529 286.7168 0005214 340.6646  19.4370 14.88113493956145
UPM/LBSAT               
1 23607U 95033C   13082.84841965  .00000640  00000-0  10085-3 0  2414
2 23607  98.2232 205.8223 0006630 169.8601 308.0308 14.75926296951855
FAISAT 2V               
1 24954U 97052B   13083.15867912  .00000096  00000-0  77336-4 0  7354
2 24954  82.9270   5.1060 0038726 221.5266 251.2095 13.79769871780407
MUBLCOM                 
1 25736U 99026B   13082.74603009  .00000553  00000-0  16599-3 0  8694
2 25736  97.6734 272.2269 0006750 132.0687 228.1082 14.45898120729447
RUBIN-3 & SL-8 R/B      
1 27561U 02054C   13082.46688721  .00000274  00000-0  74069-4 0  8529
2 27561  98.0398 233.2464 0045896 287.6803 104.1121 14.54372697547352
APRIZESAT 2             
1 28366U 04025A   13082.81051324  .00000191  00000-0  75777-4 0  4403
2 28366  98.2633  28.6783 0108520 358.7663  53.3186 14.35958180457619
SAUDICOMSAT 1           
1 28369U 04025D   13082.49431950  .00000271  00000-0  78187-4 0  5001
2 28369  97.9895  70.8034 0035303 119.8278  26.1298 14.51199860462362
SAUDICOMSAT 2           
1 28370U 04025E   13082.48907815  .00000168  00000-0  57606-4 0  4962
2 28370  98.0963  55.0463 0058683 192.2914 315.2987 14.46278421460800
APRIZESAT 1             
1 28372U 04025G   13082.95173067  .00000157  00000-0  52262-4 0  4860
2 28372  98.0451  62.3368 0047864 154.0401 269.5132 14.48629105461631
NANOSAT-1               
1 28493U 04049B   13082.51829183  .00000464  00000-0  83405-4 0  5099
2 28493  98.3836  97.3712 0004103 213.4452 264.2865 14.71486316443312
SAUDICOMSAT 7           
1 31119U 07012C   13083.07885347  .00000244  00000-0  58755-4 0  8063
2 31119  97.8282 101.9735 0060349 254.5386 138.2984 14.60140939316219
SAUDICOMSAT 6           
1 31121U 07012E   13083.06679176  .00000251  00000-0  63565-4 0  8025
2 31121  97.8514  91.9302 0077007 288.5449 103.2221 14.56985340315543
SAUDICOMSAT 5           
1 31124U 07012H   13083.11765666  .00000310  00000-0  70011-4 0  8136
2 31124  97.8214 107.8157 0052100 237.7168 154.2759 14.61762242316564
SAUDICOMSAT 3           
1 31125U 07012J   13082.12501043  .00000347  00000-0  75098-4 0  8268
2 31125  97.8178 112.5158 0044012 224.8011 167.7938 14.63343006316759
SAUDICOMSAT 4           
1 31127U 07012L   13082.62513961  .00000297  00000-0  71338-4 0  8118
2 31127  97.8384  96.7986 0068317 272.2653 236.7815 14.58659119315822
APRIZESAT 4             
1 35684U 09041D   13082.91742697  .00000484  00000-0  74894-4 0  1454
2 35684  98.0599 359.4898 0049886  39.1889  53.6243 14.77016029196700
APRIZESAT 3             
1 35686U 09041F   13082.83360073  .00000850  00000-0  10396-3 0  1656
2 35686  98.1074  15.7718 0077385   0.7079  73.3253 14.83974793197578
AISSAT 1                
1 36797U 10035C   13083.23655396  .00001116  00000-0  14699-3 0  9222
2 36797  98.0359 167.2729 0012116 357.0284   3.0840 14.82120086145964
